0.01 0.01 0.01 1
0.01 0.01 0.02 1
0.01 0.01 0.03 1
0.01 0.01 0.04 1
0.01 0.01 0.05 1
0.01 0.01 0.06 1
0.01 0.01 0.07 1
0.01 0.01 0.08 1
0.01 0.01 0.09 1
0.01 0.01 0.1 1
0.01 0.01 0.10999999999999999 1
0.01 0.01 0.12 1
0.01 0.01 0.13 1
0.01 0.01 0.14 1
0.01 0.01 0.15 1
0.01 0.01 0.16 1
0.01 0.01 0.17 1
0.01 0.01 0.18 1
0.01 0.01 0.18999999999999997 1
0.01 0.01 0.2 1
0.01 0.01 0.21 1
0.01 0.01 0.21999999999999997 1
0.01 0.01 0.23 1
0.01 0.01 0.24 1
0.01 0.01 0.25 1
0.01 0.01 0.26 1
0.01 0.01 0.27 1
0.01 0.01 0.28 0.998
0.01 0.01 0.29 0.998
0.01 0.01 0.3 0.997
0.01 0.01 0.31 0.997
0.01 0.01 0.32 0.996
0.01 0.01 0.33 0.995
0.01 0.01 0.34 0.994
0.01 0.01 0.35 0.993
0.01 0.01 0.36 0.992
0.01 0.01 0.37 0.991
0.01 0.01 0.37999999999999995 0.989
0.01 0.01 0.39 0.987
0.01 0.01 0.4 0.986
0.01 0.01 0.41000000000000003 0.984
0.01 0.01 0.42 0.981
0.01 0.01 0.43 0.979
0.01 0.01 0.43999999999999995 0.977
0.01 0.01 0.44999999999999996 0.974
0.01 0.01 0.46 0.971
0.01 0.01 0.47000000000000003 0.968
0.01 0.01 0.48 0.965
0.01 0.01 0.49 0.961
0.01 0.01 0.5 0.957
0.01 0.01 0.51 0.954
0.01 0.01 0.52 0.949
0.01 0.01 0.53 0.945
0.01 0.01 0.54 0.94
0.01 0.01 0.55 0.935
0.01 0.01 0.56 0.93
0.01 0.01 0.57 0.925
0.01 0.01 0.58 0.919
0.01 0.01 0.59 0.913
0.01 0.01 0.6 0.907
0.01 0.01 0.61 0.901
0.01 0.01 0.62 0.894
0.01 0.01 0.63 0.887
0.01 0.01 0.64 0.88
0.01 0.01 0.65 0.872
0.01 0.01 0.66 0.864
0.01 0.01 0.67 0.856
0.01 0.01 0.68 0.847
0.01 0.01 0.69 0.838
0.01 0.01 0.7 0.829
0.01 0.01 0.71 0.819
0.01 0.01 0.72 0.809
0.01 0.01 0.7300000000000001 0.798
0.01 0.01 0.74 0.787
0.01 0.01 0.75 0.775
0.01 0.01 0.7599999999999999 0.763
0.01 0.01 0.77 0.751
0.01 0.01 0.78 0.738
0.01 0.01 0.79 0.724
0.01 0.01 0.8 0.71
0.01 0.01 0.81 0.696
0.01 0.01 0.8200000000000001 0.68
0.01 0.01 0.83 0.664
0.01 0.01 0.84 0.647
0.01 0.01 0.85 0.629
0.01 0.01 0.86 0.611
0.01 0.01 0.8700000000000001 0.591
0.01 0.01 0.8799999999999999 0.57
0.01 0.01 0.8899999999999999 0.548
0.01 0.01 0.8999999999999999 0.525
0.01 0.01 0.9100000000000001 0.5
0.01 0.01 0.92 0.474
0.01 0.01 0.93 0.445
0.01 0.01 0.9400000000000001 0.414
0.01 0.01 0.9500000000000001 0.379
0.01 0.01 0.96 0.34
0.01 0.01 0.9699999999999999 0.296
0.01 0.01 0.98 0.242
0.01 0.01 0.99 0.172
0.02 0.01 0.01 1
0.02 0.01 0.02 1
0.02 0.01 0.03 1
0.02 0.01 0.04 1
0.02 0.01 0.05 1
0.02 0.01 0.06 1
0.02 0.01 0.07 1
0.02 0.01 0.08 1
0.02 0.01 0.09 1
0.02 0.01 0.1 1
0.02 0.01 0.10999999999999999 1
0.02 0.01 0.12 1
0.02 0.01 0.13 1
0.02 0.01 0.14 1
0.02 0.01 0.15 1
0.02 0.01 0.16 1
0.02 0.01 0.17 1
0.02 0.01 0.18 1
0.02 0.01 0.18999999999999997 1
0.02 0.01 0.2 1
0.02 0.01 0.21 1
0.02 0.01 0.21999999999999997 1
0.02 0.01 0.23 1
0.02 0.01 0.24 1
0.02 0.01 0.25 1
0.02 0.01 0.26 1
0.02 0.01 0.27 1
0.02 0.01 0.28 0.998
0.02 0.01 0.29 0.998
0.02 0.01 0.3 0.997
0.02 0.01 0.31 0.997
0.02 0.01 0.32 0.996
0.02 0.01 0.33 0.995
0.02 0.01 0.34 0.994
0.02 0.01 0.35 0.993
0.02 0.01 0.36 0.992
0.02 0.01 0.37 0.991
0.02 0.01 0.37999999999999995 0.989
0.02 0.01 0.39 0.987
0.02 0.01 0.4 0.986
0.02 0.01 0.41000000000000003 0.984
0.02 0.01 0.42 0.981
0.02 0.01 0.43 0.979
0.02 0.01 0.43999999999999995 0.977
0.02 0.01 0.44999999999999996 0.974
0.02 0.01 0.46 0.971
0.02 0.01 0.47000000000000003 0.968
0.02 0.01 0.48 0.965
0.02 0.01 0.49 0.961
0.02 0.01 0.5 0.957
0.02 0.01 0.51 0.954
0.02 0.01 0.52 0.949
0.02 0.01 0.53 0.945
0.02 0.01 0.54 0.94
0.02 0.01 0.55 0.935
0.02 0.01 0.56 0.93
0.02 0.01 0.57 0.925
0.02 0.01 0.58 0.919
0.02 0.01 0.59 0.913
0.02 0.01 0.6 0.907
0.02 0.01 0.61 0.901
0.02 0.01 0.62 0.894
0.02 0.01 0.63 0.887
0.02 0.01 0.64 0.88
0.02 0.01 0.65 0.872
0.02 0.01 0.66 0.864
0.02 0.01 0.67 0.856
0.02 0.01 0.68 0.847
0.02 0.01 0.69 0.838
0.02 0.01 0.7 0.829
0.02 0.01 0.71 0.819
0.02 0.01 0.72 0.809
0.02 0.01 0.7300000000000001 0.798
0.02 0.01 0.74 0.787
0.02 0.01 0.75 0.775
0.02 0.01 0.7599999999999999 0.763
0.02 0.01 0.77 0.751
0.02 0.01 0.78 0.738
0.02 0.01 0.79 0.724
0.02 0.01 0.8 0.71
0.02 0.01 0.81 0.696
0.02 0.01 0.8200000000000001 0.68
0.02 0.01 0.83 0.664
0.02 0.01 0.84 0.647
0.02 0.01 0.85 0.629
0.02 0.01 0.86 0.611
0.02 0.01 0.8700000000000001 0.591
0.02 0.01 0.8799999999999999 0.57
0.02 0.01 0.8899999999999999 0.548
0.02 0.01 0.8999999999999999 0.525
0.02 0.01 0.9100000000000001 0.5
0.02 0.01 0.92 0.474
0.02 0.01 0.93 0.445
0.02 0.01 0.9400000000000001 0.414
0.02 0.01 0.9500000000000001 0.379
0.02 0.01 0.96 0.34
0.02 0.01 0.9699999999999999 0.296
0.02 0.01 0.98 0.242
0.02 0.01 0.99 0.172
0.03 0.01 0.01 1
0.03 0.01 0.02 1
0.03 0.01 0.03 1
0.03 0.01 0.04 1
0.03 0.01 0.05 1
0.03 0.01 0.06 1
0.03 0.01 0.07 1
0.03 0.01 0.08 1
0.03 0.01 0.09 1
0.03 0.01 0.1 1
0.03 0.01 0.10999999999999999 1
0.03 0.01 0.12 1
0.03 0.01 0.13 1
0.03 0.01 0.14 1
0.03 0.01 0.15 1
0.03 0.01 0.16 1
0.03 0.01 0.17 1
0.03 0.01 0.18 1
0.03 0.01 0.18999999999999997 1
0.03 0.01 0.2 1
0.03 0.01 0.21 1
0.03 0.01 0.21999999999999997 1
0.03 0.01 0.23 1
0.03 0.01 0.24 1
0.03 0.01 0.25 1
0.03 0.01 0.26 1
0.03 0.01 0.27 1
0.03 0.01 0.28 0.998
0.03 0.01 0.29 0.998
0.03 0.01 0.3 0.997
0.03 0.01 0.31 0.997
0.03 0.01 0.32 0.996
0.03 0.01 0.33 0.995
0.03 0.01 0.34 0.994
0.03 0.01 0.35 0.993
0.03 0.01 0.36 0.992
0.03 0.01 0.37 0.991
0.03 0.01 0.37999999999999995 0.989
0.03 0.01 0.39 0.987
0.03 0.01 0.4 0.986
0.03 0.01 0.41000000000000003 0.984
0.03 0.01 0.42 0.981
0.03 0.01 0.43 0.979
0.03 0.01 0.43999999999999995 0.977
0.03 0.01 0.44999999999999996 0.974
0.03 0.01 0.46 0.971
0.03 0.01 0.47000000000000003 0.968
0.03 0.01 0.48 0.965
0.03 0.01 0.49 0.961
0.03 0.01 0.5 0.957
0.03 0.01 0.51 0.954
0.03 0.01 0.52 0.949
0.03 0.01 0.53 0.945
0.03 0.01 0.54 0.94
0.03 0.01 0.55 0.935
0.03 0.01 0.56 0.93
0.03 0.01 0.57 0.925
0.03 0.01 0.58 0.919
0.03 0.01 0.59 0.913
0.03 0.01 0.6 0.907
0.03 0.01 0.61 0.901
0.03 0.01 0.62 0.894
0.03 0.01 0.63 0.887
0.03 0.01 0.64 0.88
0.03 0.01 0.65 0.872
0.03 0.01 0.66 0.864
0.03 0.01 0.67 0.856
0.03 0.01 0.68 0.847
0.03 0.01 0.69 0.838
0.03 0.01 0.7 0.829
0.03 0.01 0.71 0.819
0.03 0.01 0.72 0.809
0.03 0.01 0.7300000000000001 0.798
0.03 0.01 0.74 0.787
0.03 0.01 0.75 0.775
0.03 0.01 0.7599999999999999 0.763
0.03 0.01 0.77 0.751
0.03 0.01 0.78 0.738
0.03 0.01 0.79 0.724
0.03 0.01 0.8 0.71
0.03 0.01 0.81 0.696
0.03 0.01 0.8200000000000001 0.68
0.03 0.01 0.83 0.664
0.03 0.01 0.84 0.647
0.03 0.01 0.85 0.629
0.03 0.01 0.86 0.611
0.03 0.01 0.8700000000000001 0.591
0.03 0.01 0.8799999999999999 0.57
0.03 0.01 0.8899999999999999 0.548
0.03 0.01 0.8999999999999999 0.525
0.03 0.01 0.9100000000000001 0.5
0.03 0.01 0.92 0.474
0.03 0.01 0.93 0.445
0.03 0.01 0.9400000000000001 0.414
0.03 0.01 0.9500000000000001 0.379
0.03 0.01 0.96 0.34
0.03 0.01 0.9699999999999999 0.296
0.03 0.01 0.98 0.242
0.03 0.01 0.99 0.172
0.04 0.01 0.01 1
0.04 0.01 0.02 1
0.04 0.01 0.03 1
0.04 0.01 0.04 1
0.04 0.01 0.05 1
0.04 0.01 0.06 1
0.04 0.01 0.07 1
0.04 0.01 0.08 1
0.04 0.01 0.09 1
0.04 0.01 0.1 1
0.04 0.01 0.10999999999999999 1
0.04 0.01 0.12 1
0.04 0.01 0.13 1
0.04 0.01 0.14 1
0.04 0.01 0.15 1
0.04 0.01 0.16 1
0.04 0.01 0.17 1
0.04 0.01 0.18 1
0.04 0.01 0.18999999999999997 1
0.04 0.01 0.2 1
0.04 0.01 0.21 1
0.04 0.01 0.21999999999999997 1
0.04 0.01 0.23 1
0.04 0.01 0.24 1
0.04 0.01 0.25 1
0.04 0.01 0.26 1
0.04 0.01 0.27 1
0.04 0.01 0.28 0.998
0.04 0.01 0.29 0.998
0.04 0.01 0.3 0.997
0.04 0.01 0.31 0.997
0.04 0.01 0.32 0.996
0.04 0.01 0.33 0.995
0.04 0.01 0.34 0.994
0.04 0.01 0.35 0.993
0.04 0.01 0.36 0.992
0.04 0.01 0.37 0.991
0.04 0.01 0.37999999999999995 0.989
0.04 0.01 0.39 0.987
0.04 0.01 0.4 0.986
0.04 0.01 0.41000000000000003 0.984
0.04 0.01 0.42 0.981
0.04 0.01 0.43 0.979
0.04 0.01 0.43999999999999995 0.977
0.04 0.01 0.44999999999999996 0.974
0.04 0.01 0.46 0.971
0.04 0.01 0.47000000000000003 0.968
0.04 0.01 0.48 0.965
0.04 0.01 0.49 0.961
0.04 0.01 0.5 0.957
0.04 0.01 0.51 0.954
0.04 0.01 0.52 0.949
0.04 0.01 0.53 0.945
0.04 0.01 0.54 0.94
0.04 0.01 0.55 0.935
0.04 0.01 0.56 0.93
0.04 0.01 0.57 0.925
0.04 0.01 0.58 0.919
0.04 0.01 0.59 0.913
0.04 0.01 0.6 0.907
0.04 0.01 0.61 0.901
0.04 0.01 0.62 0.894
0.04 0.01 0.63 0.887
0.04 0.01 0.64 0.88
0.04 0.01 0.65 0.872
0.04 0.01 0.66 0.864
0.04 0.01 0.67 0.856
0.04 0.01 0.68 0.847
0.04 0.01 0.69 0.838
0.04 0.01 0.7 0.829
0.04 0.01 0.71 0.819
0.04 0.01 0.72 0.809
0.04 0.01 0.7300000000000001 0.798
0.04 0.01 0.74 0.787
0.04 0.01 0.75 0.775
0.04 0.01 0.7599999999999999 0.763
0.04 0.01 0.77 0.751
0.04 0.01 0.78 0.738
0.04 0.01 0.79 0.724
0.04 0.01 0.8 0.71
0.04 0.01 0.81 0.696
0.04 0.01 0.8200000000000001 0.68
0.04 0.01 0.83 0.664
0.04 0.01 0.84 0.647
0.04 0.01 0.85 0.629
0.04 0.01 0.86 0.611
0.04 0.01 0.8700000000000001 0.591
0.04 0.01 0.8799999999999999 0.57
0.04 0.01 0.8899999999999999 0.548
0.04 0.01 0.8999999999999999 0.525
0.04 0.01 0.9100000000000001 0.5
0.04 0.01 0.92 0.474
0.04 0.01 0.93 0.445
0.04 0.01 0.9400000000000001 0.414
0.04 0.01 0.9500000000000001 0.379
0.04 0.01 0.96 0.34
0.04 0.01 0.9699999999999999 0.296
0.04 0.01 0.98 0.242
0.04 0.01 0.99 0.172
0.05 0.01 0.01 1
0.05 0.01 0.02 1
0.05 0.01 0.03 1
0.05 0.01 0.04 1
0.05 0.01 0.05 1
0.05 0.01 0.06 1
0.05 0.01 0.07 1
0.05 0.01 0.08 1
0.05 0.01 0.09 1
0.05 0.01 0.1 1
0.05 0.01 0.10999999999999999 1
0.05 0.01 0.12 1
0.05 0.01 0.13 1
0.05 0.01 0.14 1
0.05 0.01 0.15 1
0.05 0.01 0.16 1
0.05 0.01 0.17 1
0.05 0.01 0.18 1
0.05 0.01 0.18999999999999997 1
0.05 0.01 0.2 1
0.05 0.01 0.21 1
0.05 0.01 0.21999999999999997 1
0.05 0.01 0.23 1
0.05 0.01 0.24 1
0.05 0.01 0.25 1
0.05 0.01 0.26 1
0.05 0.01 0.27 1
0.05 0.01 0.28 0.998
0.05 0.01 0.29 0.998
0.05 0.01 0.3 0.997
0.05 0.01 0.31 0.997
0.05 0.01 0.32 0.996
0.05 0.01 0.33 0.995
0.05 0.01 0.34 0.994
0.05 0.01 0.35 0.993
0.05 0.01 0.36 0.992
0.05 0.01 0.37 0.991
0.05 0.01 0.37999999999999995 0.989
0.05 0.01 0.39 0.987
0.05 0.01 0.4 0.986
0.05 0.01 0.41000000000000003 0.984
0.05 0.01 0.42 0.981
0.05 0.01 0.43 0.979
0.05 0.01 0.43999999999999995 0.977
0.05 0.01 0.44999999999999996 0.974
0.05 0.01 0.46 0.971
0.05 0.01 0.47000000000000003 0.968
0.05 0.01 0.48 0.965
0.05 0.01 0.49 0.961
0.05 0.01 0.5 0.957
0.05 0.01 0.51 0.954
0.05 0.01 0.52 0.949
0.05 0.01 0.53 0.945
0.05 0.01 0.54 0.94
0.05 0.01 0.55 0.935
0.05 0.01 0.56 0.93
0.05 0.01 0.57 0.925
0.05 0.01 0.58 0.919
0.05 0.01 0.59 0.913
0.05 0.01 0.6 0.907
0.05 0.01 0.61 0.901
0.05 0.01 0.62 0.894
0.05 0.01 0.63 0.887
0.05 0.01 0.64 0.88
0.05 0.01 0.65 0.872
0.05 0.01 0.66 0.864
0.05 0.01 0.67 0.856
0.05 0.01 0.68 0.847
0.05 0.01 0.69 0.838
0.05 0.01 0.7 0.829
0.05 0.01 0.71 0.819
0.05 0.01 0.72 0.809
0.05 0.01 0.7300000000000001 0.798
0.05 0.01 0.74 0.787
0.05 0.01 0.75 0.775
0.05 0.01 0.7599999999999999 0.763
0.05 0.01 0.77 0.751
0.05 0.01 0.78 0.738
0.05 0.01 0.79 0.724
0.05 0.01 0.8 0.71
0.05 0.01 0.81 0.696
0.05 0.01 0.8200000000000001 0.68
0.05 0.01 0.83 0.664
0.05 0.01 0.84 0.647
0.05 0.01 0.85 0.629
0.05 0.01 0.86 0.611
0.05 0.01 0.8700000000000001 0.591
0.05 0.01 0.8799999999999999 0.57
0.05 0.01 0.8899999999999999 0.548
0.05 0.01 0.8999999999999999 0.525
0.05 0.01 0.9100000000000001 0.5
0.05 0.01 0.92 0.474
0.05 0.01 0.93 0.445
0.05 0.01 0.9400000000000001 0.414
0.05 0.01 0.9500000000000001 0.379
0.05 0.01 0.96 0.34
0.05 0.01 0.9699999999999999 0.296
0.05 0.01 0.98 0.242
0.05 0.01 0.99 0.172
0.06 0.01 0.01 1
0.06 0.01 0.02 1
0.06 0.01 0.03 1
0.06 0.01 0.04 1
0.06 0.01 0.05 1
0.06 0.01 0.06 1
0.06 0.01 0.07 1
0.06 0.01 0.08 1
0.06 0.01 0.09 1
0.06 0.01 0.1 1
0.06 0.01 0.10999999999999999 1
0.06 0.01 0.12 1
0.06 0.01 0.13 1
0.06 0.01 0.14 1
0.06 0.01 0.15 1
0.06 0.01 0.16 1
0.06 0.01 0.17 1
0.06 0.01 0.18 1
0.06 0.01 0.18999999999999997 1
0.06 0.01 0.2 1
0.06 0.01 0.21 1
0.06 0.01 0.21999999999999997 1
0.06 0.01 0.23 1
0.06 0.01 0.24 1
0.06 0.01 0.25 1
0.06 0.01 0.26 1
0.06 0.01 0.27 1
0.06 0.01 0.28 0.998
0.06 0.01 0.29 0.998
0.06 0.01 0.3 0.997
0.06 0.01 0.31 0.997
0.06 0.01 0.32 0.996
0.06 0.01 0.33 0.995
0.06 0.01 0.34 0.994
0.06 0.01 0.35 0.993
0.06 0.01 0.36 0.992
0.06 0.01 0.37 0.991
0.06 0.01 0.37999999999999995 0.989
0.06 0.01 0.39 0.987
0.06 0.01 0.4 0.986
0.06 0.01 0.41000000000000003 0.984
0.06 0.01 0.42 0.981
0.06 0.01 0.43 0.979
0.06 0.01 0.43999999999999995 0.977
0.06 0.01 0.44999999999999996 0.974
0.06 0.01 0.46 0.971
0.06 0.01 0.47000000000000003 0.968
0.06 0.01 0.48 0.965
0.06 0.01 0.49 0.961
0.06 0.01 0.5 0.957
0.06 0.01 0.51 0.954
0.06 0.01 0.52 0.949
0.06 0.01 0.53 0.945
0.06 0.01 0.54 0.94
0.06 0.01 0.55 0.935
0.06 0.01 0.56 0.93
0.06 0.01 0.57 0.925
0.06 0.01 0.58 0.919
0.06 0.01 0.59 0.913
0.06 0.01 0.6 0.907
0.06 0.01 0.61 0.901
0.06 0.01 0.62 0.894
0.06 0.01 0.63 0.887
0.06 0.01 0.64 0.88
0.06 0.01 0.65 0.872
0.06 0.01 0.66 0.864
0.06 0.01 0.67 0.856
0.06 0.01 0.68 0.847
0.06 0.01 0.69 0.838
0.06 0.01 0.7 0.829
0.06 0.01 0.71 0.819
0.06 0.01 0.72 0.809
0.06 0.01 0.7300000000000001 0.798
0.06 0.01 0.74 0.787
0.06 0.01 0.75 0.775
0.06 0.01 0.7599999999999999 0.763
0.06 0.01 0.77 0.751
0.06 0.01 0.78 0.738
0.06 0.01 0.79 0.724
0.06 0.01 0.8 0.71
0.06 0.01 0.81 0.696
0.06 0.01 0.8200000000000001 0.68
0.06 0.01 0.83 0.664
0.06 0.01 0.84 0.647
0.06 0.01 0.85 0.629
0.06 0.01 0.86 0.611
0.06 0.01 0.8700000000000001 0.591
0.06 0.01 0.8799999999999999 0.57
0.06 0.01 0.8899999999999999 0.548
0.06 0.01 0.8999999999999999 0.525
0.06 0.01 0.9100000000000001 0.5
0.06 0.01 0.92 0.474
0.06 0.01 0.93 0.445
0.06 0.01 0.9400000000000001 0.414
0.06 0.01 0.9500000000000001 0.379
0.06 0.01 0.96 0.34
0.06 0.01 0.9699999999999999 0.296
0.06 0.01 0.98 0.242
0.06 0.01 0.99 0.172
0.07 0.01 0.01 1
0.07 0.01 0.02 1
0.07 0.01 0.03 1
0.07 0.01 0.04 1
0.07 0.01 0.05 1
0.07 0.01 0.06 1
0.07 0.01 0.07 1
0.07 0.01 0.08 1
0.07 0.01 0.09 1
0.07 0.01 0.1 1
0.07 0.01 0.10999999999999999 1
0.07 0.01 0.12 1
0.07 0.01 0.13 1
0.07 0.01 0.14 1
0.07 0.01 0.15 1
0.07 0.01 0.16 1
0.07 0.01 0.17 1
0.07 0.01 0.18 1
0.07 0.01 0.18999999999999997 1
0.07 0.01 0.2 1
0.07 0.01 0.21 1
0.07 0.01 0.21999999999999997 1
0.07 0.01 0.23 1
0.07 0.01 0.24 1
0.07 0.01 0.25 1
0.07 0.01 0.26 1
0.07 0.01 0.27 1
0.07 0.01 0.28 0.998
0.07 0.01 0.29 0.998
0.07 0.01 0.3 0.997
0.07 0.01 0.31 0.997
0.07 0.01 0.32 0.996
0.07 0.01 0.33 0.995
0.07 0.01 0.34 0.994
0.07 0.01 0.35 0.993
0.07 0.01 0.36 0.992
0.07 0.01 0.37 0.991
0.07 0.01 0.37999999999999995 0.989
0.07 0.01 0.39 0.987
0.07 0.01 0.4 0.986
0.07 0.01 0.41000000000000003 0.984
0.07 0.01 0.42 0.981
0.07 0.01 0.43 0.979
0.07 0.01 0.43999999999999995 0.977
0.07 0.01 0.44999999999999996 0.974
0.07 0.01 0.46 0.971
0.07 0.01 0.47000000000000003 0.968
0.07 0.01 0.48 0.965
0.07 0.01 0.49 0.961
0.07 0.01 0.5 0.957
0.07 0.01 0.51 0.954
0.07 0.01 0.52 0.949
0.07 0.01 0.53 0.945
0.07 0.01 0.54 0.94
0.07 0.01 0.55 0.935
0.07 0.01 0.56 0.93
0.07 0.01 0.57 0.925
0.07 0.01 0.58 0.919
0.07 0.01 0.59 0.913
0.07 0.01 0.6 0.907
0.07 0.01 0.61 0.901
0.07 0.01 0.62 0.894
0.07 0.01 0.63 0.887
0.07 0.01 0.64 0.88
0.07 0.01 0.65 0.872
0.07 0.01 0.66 0.864
0.07 0.01 0.67 0.856
0.07 0.01 0.68 0.847
0.07 0.01 0.69 0.838
0.07 0.01 0.7 0.829
0.07 0.01 0.71 0.819
0.07 0.01 0.72 0.809
0.07 0.01 0.7300000000000001 0.798
0.07 0.01 0.74 0.787
0.07 0.01 0.75 0.775
0.07 0.01 0.7599999999999999 0.763
0.07 0.01 0.77 0.751
0.07 0.01 0.78 0.738
0.07 0.01 0.79 0.724
0.07 0.01 0.8 0.71
0.07 0.01 0.81 0.696
0.07 0.01 0.8200000000000001 0.68
0.07 0.01 0.83 0.664
0.07 0.01 0.84 0.647
0.07 0.01 0.85 0.629
0.07 0.01 0.86 0.611
0.07 0.01 0.8700000000000001 0.591
0.07 0.01 0.8799999999999999 0.57
0.07 0.01 0.8899999999999999 0.548
0.07 0.01 0.8999999999999999 0.525
0.07 0.01 0.9100000000000001 0.5
0.07 0.01 0.92 0.474
0.07 0.01 0.93 0.445
0.07 0.01 0.9400000000000001 0.414
0.07 0.01 0.9500000000000001 0.379
0.07 0.01 0.96 0.34
0.07 0.01 0.9699999999999999 0.296
0.07 0.01 0.98 0.242
0.07 0.01 0.99 0.172
0.08 0.01 0.01 1
0.08 0.01 0.02 1
0.08 0.01 0.03 1
0.08 0.01 0.04 1
0.08 0.01 0.05 1
0.08 0.01 0.06 1
0.08 0.01 0.07 1
0.08 0.01 0.08 1
0.08 0.01 0.09 1
0.08 0.01 0.1 1
0.08 0.01 0.10999999999999999 1
0.08 0.01 0.12 1
0.08 0.01 0.13 1
0.08 0.01 0.14 1
0.08 0.01 0.15 1
0.08 0.01 0.16 1
0.08 0.01 0.17 1
0.08 0.01 0.18 1
0.08 0.01 0.18999999999999997 1
0.08 0.01 0.2 1
0.08 0.01 0.21 1
0.08 0.01 0.21999999999999997 1
0.08 0.01 0.23 1
0.08 0.01 0.24 1
0.08 0.01 0.25 1
0.08 0.01 0.26 1
0.08 0.01 0.27 1
0.08 0.01 0.28 0.998
0.08 0.01 0.29 0.998
0.08 0.01 0.3 0.997
0.08 0.01 0.31 0.997
0.08 0.01 0.32 0.996
0.08 0.01 0.33 0.995
0.08 0.01 0.34 0.994
0.08 0.01 0.35 0.993
0.08 0.01 0.36 0.992
0.08 0.01 0.37 0.991
0.08 0.01 0.37999999999999995 0.989
0.08 0.01 0.39 0.987
0.08 0.01 0.4 0.986
0.08 0.01 0.41000000000000003 0.984
0.08 0.01 0.42 0.981
0.08 0.01 0.43 0.979
0.08 0.01 0.43999999999999995 0.977
0.08 0.01 0.44999999999999996 0.974
0.08 0.01 0.46 0.971
0.08 0.01 0.47000000000000003 0.968
0.08 0.01 0.48 0.965
0.08 0.01 0.49 0.961
0.08 0.01 0.5 0.957
0.08 0.01 0.51 0.954
0.08 0.01 0.52 0.949
0.08 0.01 0.53 0.945
0.08 0.01 0.54 0.94
0.08 0.01 0.55 0.935
0.08 0.01 0.56 0.93
0.08 0.01 0.57 0.925
0.08 0.01 0.58 0.919
0.08 0.01 0.59 0.913
0.08 0.01 0.6 0.907
0.08 0.01 0.61 0.901
0.08 0.01 0.62 0.894
0.08 0.01 0.63 0.887
0.08 0.01 0.64 0.88
0.08 0.01 0.65 0.872
0.08 0.01 0.66 0.864
0.08 0.01 0.67 0.856
0.08 0.01 0.68 0.847
0.08 0.01 0.69 0.838
0.08 0.01 0.7 0.829
0.08 0.01 0.71 0.819
0.08 0.01 0.72 0.809
0.08 0.01 0.7300000000000001 0.798
0.08 0.01 0.74 0.787
0.08 0.01 0.75 0.775
0.08 0.01 0.7599999999999999 0.763
0.08 0.01 0.77 0.751
0.08 0.01 0.78 0.738
0.08 0.01 0.79 0.724
0.08 0.01 0.8 0.71
0.08 0.01 0.81 0.696
0.08 0.01 0.8200000000000001 0.68
0.08 0.01 0.83 0.664
0.08 0.01 0.84 0.647
0.08 0.01 0.85 0.629
0.08 0.01 0.86 0.611
0.08 0.01 0.8700000000000001 0.591
0.08 0.01 0.8799999999999999 0.57
0.08 0.01 0.8899999999999999 0.548
0.08 0.01 0.8999999999999999 0.525
0.08 0.01 0.9100000000000001 0.5
0.08 0.01 0.92 0.474
0.08 0.01 0.93 0.445
0.08 0.01 0.9400000000000001 0.414
0.08 0.01 0.9500000000000001 0.379
0.08 0.01 0.96 0.34
0.08 0.01 0.9699999999999999 0.296
0.08 0.01 0.98 0.242
0.08 0.01 0.99 0.172
0.09 0.01 0.01 1
0.09 0.01 0.02 1
0.09 0.01 0.03 1
0.09 0.01 0.04 1
0.09 0.01 0.05 1
0.09 0.01 0.06 1
0.09 0.01 0.07 1
0.09 0.01 0.08 1
0.09 0.01 0.09 1
0.09 0.01 0.1 1
0.09 0.01 0.10999999999999999 1
0.09 0.01 0.12 1
0.09 0.01 0.13 1
0.09 0.01 0.14 1
0.09 0.01 0.15 1
0.09 0.01 0.16 1
0.09 0.01 0.17 1
0.09 0.01 0.18 1
0.09 0.01 0.18999999999999997 1
0.09 0.01 0.2 1
0.09 0.01 0.21 1
0.09 0.01 0.21999999999999997 1
0.09 0.01 0.23 1
0.09 0.01 0.24 1
0.09 0.01 0.25 1
0.09 0.01 0.26 1
0.09 0.01 0.27 1
0.09 0.01 0.28 0.998
0.09 0.01 0.29 0.998
0.09 0.01 0.3 0.997
0.09 0.01 0.31 0.997
0.09 0.01 0.32 0.996
0.09 0.01 0.33 0.995
0.09 0.01 0.34 0.994
0.09 0.01 0.35 0.993
0.09 0.01 0.36 0.992
0.09 0.01 0.37 0.991
0.09 0.01 0.37999999999999995 0.989
0.09 0.01 0.39 0.987
0.09 0.01 0.4 0.986
0.09 0.01 0.41000000000000003 0.984
0.09 0.01 0.42 0.981
0.09 0.01 0.43 0.979
0.09 0.01 0.43999999999999995 0.977
0.09 0.01 0.44999999999999996 0.974
0.09 0.01 0.46 0.971
0.09 0.01 0.47000000000000003 0.968
0.09 0.01 0.48 0.965
0.09 0.01 0.49 0.961
0.09 0.01 0.5 0.957
0.09 0.01 0.51 0.954
0.09 0.01 0.52 0.949
0.09 0.01 0.53 0.945
0.09 0.01 0.54 0.94
0.09 0.01 0.55 0.935
0.09 0.01 0.56 0.93
0.09 0.01 0.57 0.925
0.09 0.01 0.58 0.919
0.09 0.01 0.59 0.913
0.09 0.01 0.6 0.907
0.09 0.01 0.61 0.901
0.09 0.01 0.62 0.894
0.09 0.01 0.63 0.887
0.09 0.01 0.64 0.88
0.09 0.01 0.65 0.872
0.09 0.01 0.66 0.864
0.09 0.01 0.67 0.856
0.09 0.01 0.68 0.847
0.09 0.01 0.69 0.838
0.09 0.01 0.7 0.829
0.09 0.01 0.71 0.819
0.09 0.01 0.72 0.809
0.09 0.01 0.7300000000000001 0.798
0.09 0.01 0.74 0.787
0.09 0.01 0.75 0.775
0.09 0.01 0.7599999999999999 0.763
0.09 0.01 0.77 0.751
0.09 0.01 0.78 0.738
0.09 0.01 0.79 0.724
0.09 0.01 0.8 0.71
0.09 0.01 0.81 0.696
0.09 0.01 0.8200000000000001 0.68
0.09 0.01 0.83 0.664
0.09 0.01 0.84 0.647
0.09 0.01 0.85 0.629
0.09 0.01 0.86 0.611
0.09 0.01 0.8700000000000001 0.591
0.09 0.01 0.8799999999999999 0.57
0.09 0.01 0.8899999999999999 0.548
0.09 0.01 0.8999999999999999 0.525
0.09 0.01 0.9100000000000001 0.5
0.09 0.01 0.92 0.474
0.09 0.01 0.93 0.445
0.09 0.01 0.9400000000000001 0.414
0.09 0.01 0.9500000000000001 0.379
0.09 0.01 0.96 0.34
0.09 0.01 0.9699999999999999 0.296
0.09 0.01 0.98 0.242
0.09 0.01 0.99 0.172
0.1 0.01 0.01 1
0.1 0.01 0.02 1
0.1 0.01 0.03 1
0.1 0.01 0.04 1
0.1 0.01 0.05 1
0.1 0.01 0.06 1
0.1 0.01 0.07 1
0.1 0.01 0.08 1
0.1 0.01 0.09 1
0.1 0.01 0.1 1
0.1 0.01 0.10999999999999999 1
0.1 0.01 0.12 1
0.1 0.01 0.13 1
0.1 0.01 0.14 1
0.1 0.01 0.15 1
0.1 0.01 0.16 1
0.1 0.01 0.17 1
0.1 0.01 0.18 1
0.1 0.01 0.18999999999999997 1
0.1 0.01 0.2 1
0.1 0.01 0.21 1
0.1 0.01 0.21999999999999997 1
0.1 0.01 0.23 1
0.1 0.01 0.24 1
0.1 0.01 0.25 1
0.1 0.01 0.26 1
0.1 0.01 0.27 1
0.1 0.01 0.28 0.998
0.1 0.01 0.29 0.998
0.1 0.01 0.3 0.997
0.1 0.01 0.31 0.997
0.1 0.01 0.32 0.996
0.1 0.01 0.33 0.995
0.1 0.01 0.34 0.994
0.1 0.01 0.35 0.993
0.1 0.01 0.36 0.992
0.1 0.01 0.37 0.991
0.1 0.01 0.37999999999999995 0.989
0.1 0.01 0.39 0.987
0.1 0.01 0.4 0.986
0.1 0.01 0.41000000000000003 0.984
0.1 0.01 0.42 0.981
0.1 0.01 0.43 0.979
0.1 0.01 0.43999999999999995 0.977
0.1 0.01 0.44999999999999996 0.974
0.1 0.01 0.46 0.971
0.1 0.01 0.47000000000000003 0.968
0.1 0.01 0.48 0.965
0.1 0.01 0.49 0.961
0.1 0.01 0.5 0.957
0.1 0.01 0.51 0.954
0.1 0.01 0.52 0.949
0.1 0.01 0.53 0.945
0.1 0.01 0.54 0.94
0.1 0.01 0.55 0.935
0.1 0.01 0.56 0.93
0.1 0.01 0.57 0.925
0.1 0.01 0.58 0.919
0.1 0.01 0.59 0.913
0.1 0.01 0.6 0.907
0.1 0.01 0.61 0.901
0.1 0.01 0.62 0.894
0.1 0.01 0.63 0.887
0.1 0.01 0.64 0.88
0.1 0.01 0.65 0.872
0.1 0.01 0.66 0.864
0.1 0.01 0.67 0.856
0.1 0.01 0.68 0.847
0.1 0.01 0.69 0.838
0.1 0.01 0.7 0.829
0.1 0.01 0.71 0.819
0.1 0.01 0.72 0.809
0.1 0.01 0.7300000000000001 0.798
0.1 0.01 0.74 0.787
0.1 0.01 0.75 0.775
0.1 0.01 0.7599999999999999 0.763
0.1 0.01 0.77 0.751
0.1 0.01 0.78 0.738
0.1 0.01 0.79 0.724
0.1 0.01 0.8 0.71
0.1 0.01 0.81 0.696
0.1 0.01 0.8200000000000001 0.68
0.1 0.01 0.83 0.664
0.1 0.01 0.84 0.647
0.1 0.01 0.85 0.629
0.1 0.01 0.86 0.611
0.1 0.01 0.8700000000000001 0.591
0.1 0.01 0.8799999999999999 0.57
0.1 0.01 0.8899999999999999 0.548
0.1 0.01 0.8999999999999999 0.525
0.1 0.01 0.9100000000000001 0.5
0.1 0.01 0.92 0.474
0.1 0.01 0.93 0.445
0.1 0.01 0.9400000000000001 0.414
0.1 0.01 0.9500000000000001 0.379
0.1 0.01 0.96 0.34
0.1 0.01 0.9699999999999999 0.296
0.1 0.01 0.98 0.242
0.1 0.01 0.99 0.172
0.11 0.01 0.01 1
0.11 0.01 0.02 1
0.11 0.01 0.03 1
0.11 0.01 0.04 1
0.11 0.01 0.05 1
0.11 0.01 0.06 1
0.11 0.01 0.07 1
0.11 0.01 0.08 1
0.11 0.01 0.09 1
0.11 0.01 0.1 1
0.11 0.01 0.10999999999999999 1
0.11 0.01 0.12 1
0.11 0.01 0.13 1
0.11 0.01 0.14 1
0.11 0.01 0.15 1
0.11 0.01 0.16 1
0.11 0.01 0.17 1
0.11 0.01 0.18 1
0.11 0.01 0.18999999999999997 1
0.11 0.01 0.2 1
0.11 0.01 0.21 1
0.11 0.01 0.21999999999999997 1
0.11 0.01 0.23 1
0.11 0.01 0.24 1
0.11 0.01 0.25 1
0.11 0.01 0.26 1
0.11 0.01 0.27 1
0.11 0.01 0.28 0.998
0.11 0.01 0.29 0.998
0.11 0.01 0.3 0.997
0.11 0.01 0.31 0.997
0.11 0.01 0.32 0.996
0.11 0.01 0.33 0.995
0.11 0.01 0.34 0.994
0.11 0.01 0.35 0.993
0.11 0.01 0.36 0.992
0.11 0.01 0.37 0.991
0.11 0.01 0.37999999999999995 0.989
0.11 0.01 0.39 0.987
0.11 0.01 0.4 0.986
0.11 0.01 0.41000000000000003 0.984
0.11 0.01 0.42 0.981
0.11 0.01 0.43 0.979
0.11 0.01 0.43999999999999995 0.977
0.11 0.01 0.44999999999999996 0.974
0.11 0.01 0.46 0.971
0.11 0.01 0.47000000000000003 0.968
0.11 0.01 0.48 0.965
0.11 0.01 0.49 0.961
0.11 0.01 0.5 0.957
0.11 0.01 0.51 0.954
0.11 0.01 0.52 0.949
0.11 0.01 0.53 0.945
0.11 0.01 0.54 0.94
0.11 0.01 0.55 0.935
0.11 0.01 0.56 0.93
0.11 0.01 0.57 0.925
0.11 0.01 0.58 0.919
0.11 0.01 0.59 0.913
0.11 0.01 0.6 0.907
0.11 0.01 0.61 0.901
0.11 0.01 0.62 0.894
0.11 0.01 0.63 0.887
0.11 0.01 0.64 0.88
0.11 0.01 0.65 0.872
0.11 0.01 0.66 0.864
0.11 0.01 0.67 0.856
0.11 0.01 0.68 0.847
0.11 0.01 0.69 0.838
0.11 0.01 0.7 0.829
0.11 0.01 0.71 0.819
0.11 0.01 0.72 0.809
0.11 0.01 0.7300000000000001 0.798
0.11 0.01 0.74 0.787
0.11 0.01 0.75 0.775
0.11 0.01 0.7599999999999999 0.763
0.11 0.01 0.77 0.751
0.11 0.01 0.78 0.738
0.11 0.01 0.79 0.724
0.11 0.01 0.8 0.71
0.11 0.01 0.81 0.696
0.11 0.01 0.8200000000000001 0.68
0.11 0.01 0.83 0.664
0.11 0.01 0.84 0.647
0.11 0.01 0.85 0.629
0.11 0.01 0.86 0.611
0.11 0.01 0.8700000000000001 0.591
0.11 0.01 0.8799999999999999 0.57
0.11 0.01 0.8899999999999999 0.548
0.11 0.01 0.8999999999999999 0.525
0.11 0.01 0.9100000000000001 0.5
0.11 0.01 0.92 0.474
0.11 0.01 0.93 0.445
0.11 0.01 0.9400000000000001 0.414
0.11 0.01 0.9500000000000001 0.379
0.11 0.01 0.96 0.34
0.11 0.01 0.9699999999999999 0.296
0.11 0.01 0.98 0.242
0.11 0.01 0.99 0.172
0.12 0.01 0.01 1
0.12 0.01 0.02 1
0.12 0.01 0.03 1
0.12 0.01 0.04 1
0.12 0.01 0.05 1
0.12 0.01 0.06 1
0.12 0.01 0.07 1
0.12 0.01 0.08 1
0.12 0.01 0.09 1
0.12 0.01 0.1 1
0.12 0.01 0.10999999999999999 1
0.12 0.01 0.12 1
0.12 0.01 0.13 1
0.12 0.01 0.14 1
0.12 0.01 0.15 1
0.12 0.01 0.16 1
0.12 0.01 0.17 1
0.12 0.01 0.18 1
0.12 0.01 0.18999999999999997 1
0.12 0.01 0.2 1
0.12 0.01 0.21 1
0.12 0.01 0.21999999999999997 1
0.12 0.01 0.23 1
0.12 0.01 0.24 1
0.12 0.01 0.25 1
0.12 0.01 0.26 1
0.12 0.01 0.27 1
0.12 0.01 0.28 0.998
0.12 0.01 0.29 0.998
0.12 0.01 0.3 0.997
0.12 0.01 0.31 0.997
0.12 0.01 0.32 0.996
0.12 0.01 0.33 0.995
0.12 0.01 0.34 0.994
0.12 0.01 0.35 0.993
0.12 0.01 0.36 0.992
0.12 0.01 0.37 0.991
0.12 0.01 0.37999999999999995 0.989
0.12 0.01 0.39 0.987
0.12 0.01 0.4 0.986
0.12 0.01 0.41000000000000003 0.984
0.12 0.01 0.42 0.981
0.12 0.01 0.43 0.979
0.12 0.01 0.43999999999999995 0.977
0.12 0.01 0.44999999999999996 0.974
0.12 0.01 0.46 0.971
0.12 0.01 0.47000000000000003 0.968
0.12 0.01 0.48 0.965
0.12 0.01 0.49 0.961
0.12 0.01 0.5 0.957
0.12 0.01 0.51 0.954
0.12 0.01 0.52 0.949
0.12 0.01 0.53 0.945
0.12 0.01 0.54 0.94
0.12 0.01 0.55 0.935
0.12 0.01 0.56 0.93
0.12 0.01 0.57 0.925
0.12 0.01 0.58 0.919
0.12 0.01 0.59 0.913
0.12 0.01 0.6 0.907
0.12 0.01 0.61 0.901
0.12 0.01 0.62 0.894
0.12 0.01 0.63 0.887
0.12 0.01 0.64 0.88
0.12 0.01 0.65 0.872
0.12 0.01 0.66 0.864
0.12 0.01 0.67 0.856
0.12 0.01 0.68 0.847
0.12 0.01 0.69 0.838
0.12 0.01 0.7 0.829
0.12 0.01 0.71 0.819
0.12 0.01 0.72 0.809
0.12 0.01 0.7300000000000001 0.798
0.12 0.01 0.74 0.787
0.12 0.01 0.75 0.775
0.12 0.01 0.7599999999999999 0.763
0.12 0.01 0.77 0.751
0.12 0.01 0.78 0.738
0.12 0.01 0.79 0.724
0.12 0.01 0.8 0.71
0.12 0.01 0.81 0.696
0.12 0.01 0.8200000000000001 0.68
0.12 0.01 0.83 0.664
0.12 0.01 0.84 0.647
0.12 0.01 0.85 0.629
0.12 0.01 0.86 0.611
0.12 0.01 0.8700000000000001 0.591
0.12 0.01 0.8799999999999999 0.57
0.12 0.01 0.8899999999999999 0.548
0.12 0.01 0.8999999999999999 0.525
0.12 0.01 0.9100000000000001 0.5
0.12 0.01 0.92 0.474
0.12 0.01 0.93 0.445
0.12 0.01 0.9400000000000001 0.414
0.12 0.01 0.9500000000000001 0.379
0.12 0.01 0.96 0.34
0.12 0.01 0.9699999999999999 0.296
0.12 0.01 0.98 0.242
0.12 0.01 0.99 0.172
0.13 0.01 0.01 1
0.13 0.01 0.02 1
0.13 0.01 0.03 1
0.13 0.01 0.04 1
0.13 0.01 0.05 1
0.13 0.01 0.06 1
0.13 0.01 0.07 1
0.13 0.01 0.08 1
0.13 0.01 0.09 1
0.13 0.01 0.1 1
0.13 0.01 0.10999999999999999 1
0.13 0.01 0.12 1
0.13 0.01 0.13 1
0.13 0.01 0.14 1
0.13 0.01 0.15 1
0.13 0.01 0.16 1
0.13 0.01 0.17 1
0.13 0.01 0.18 1
0.13 0.01 0.18999999999999997 1
0.13 0.01 0.2 1
0.13 0.01 0.21 1
0.13 0.01 0.21999999999999997 1
0.13 0.01 0.23 1
0.13 0.01 0.24 1
0.13 0.01 0.25 1
0.13 0.01 0.26 1
0.13 0.01 0.27 1
0.13 0.01 0.28 0.998
0.13 0.01 0.29 0.998
0.13 0.01 0.3 0.997
0.13 0.01 0.31 0.997
0.13 0.01 0.32 0.996
0.13 0.01 0.33 0.995
0.13 0.01 0.34 0.994
0.13 0.01 0.35 0.993
0.13 0.01 0.36 0.992
0.13 0.01 0.37 0.991
0.13 0.01 0.37999999999999995 0.989
0.13 0.01 0.39 0.987
0.13 0.01 0.4 0.986
0.13 0.01 0.41000000000000003 0.984
0.13 0.01 0.42 0.981
0.13 0.01 0.43 0.979
0.13 0.01 0.43999999999999995 0.977
0.13 0.01 0.44999999999999996 0.974
0.13 0.01 0.46 0.971
0.13 0.01 0.47000000000000003 0.968
0.13 0.01 0.48 0.965
0.13 0.01 0.49 0.961
0.13 0.01 0.5 0.957
0.13 0.01 0.51 0.954
0.13 0.01 0.52 0.949
0.13 0.01 0.53 0.945
0.13 0.01 0.54 0.94
0.13 0.01 0.55 0.935
0.13 0.01 0.56 0.93
0.13 0.01 0.57 0.925
0.13 0.01 0.58 0.919
0.13 0.01 0.59 0.913
0.13 0.01 0.6 0.907
0.13 0.01 0.61 0.901
0.13 0.01 0.62 0.894
0.13 0.01 0.63 0.887
0.13 0.01 0.64 0.88
0.13 0.01 0.65 0.872
0.13 0.01 0.66 0.864
0.13 0.01 0.67 0.856
0.13 0.01 0.68 0.847
0.13 0.01 0.69 0.838
0.13 0.01 0.7 0.829
0.13 0.01 0.71 0.819
0.13 0.01 0.72 0.809
0.13 0.01 0.7300000000000001 0.798
0.13 0.01 0.74 0.787
0.13 0.01 0.75 0.775
0.13 0.01 0.7599999999999999 0.763
0.13 0.01 0.77 0.751
0.13 0.01 0.78 0.738
0.13 0.01 0.79 0.724
0.13 0.01 0.8 0.71
0.13 0.01 0.81 0.696
0.13 0.01 0.8200000000000001 0.68
0.13 0.01 0.83 0.664
0.13 0.01 0.84 0.647
0.13 0.01 0.85 0.629
0.13 0.01 0.86 0.611
0.13 0.01 0.8700000000000001 0.591
0.13 0.01 0.8799999999999999 0.57
0.13 0.01 0.8899999999999999 0.548
0.13 0.01 0.8999999999999999 0.525
0.13 0.01 0.9100000000000001 0.5
0.13 0.01 0.92 0.474
0.13 0.01 0.93 0.445
0.13 0.01 0.9400000000000001 0.414
0.13 0.01 0.9500000000000001 0.379
0.13 0.01 0.96 0.34
0.13 0.01 0.9699999999999999 0.296
0.13 0.01 0.98 0.242
0.13 0.01 0.99 0.172
0.14 0.01 0.01 1
0.14 0.01 0.02 1
0.14 0.01 0.03 1
0.14 0.01 0.04 1
0.14 0.01 0.05 1
0.14 0.01 0.06 1
0.14 0.01 0.07 1
0.14 0.01 0.08 1
0.14 0.01 0.09 1
0.14 0.01 0.1 1
0.14 0.01 0.10999999999999999 1
0.14 0.01 0.12 1
0.14 0.01 0.13 1
0.14 0.01 0.14 1
0.14 0.01 0.15 1
0.14 0.01 0.16 1
0.14 0.01 0.17 1
0.14 0.01 0.18 1
0.14 0.01 0.18999999999999997 1
0.14 0.01 0.2 1
0.14 0.01 0.21 1
0.14 0.01 0.21999999999999997 1
0.14 0.01 0.23 1
0.14 0.01 0.24 1
0.14 0.01 0.25 1
0.14 0.01 0.26 1
0.14 0.01 0.27 1
0.14 0.01 0.28 0.998
0.14 0.01 0.29 0.998
0.14 0.01 0.3 0.997
0.14 0.01 0.31 0.997
0.14 0.01 0.32 0.996
0.14 0.01 0.33 0.995
0.14 0.01 0.34 0.994
0.14 0.01 0.35 0.993
0.14 0.01 0.36 0.992
0.14 0.01 0.37 0.991
0.14 0.01 0.37999999999999995 0.989
0.14 0.01 0.39 0.987
0.14 0.01 0.4 0.986
0.14 0.01 0.41000000000000003 0.984
0.14 0.01 0.42 0.981
0.14 0.01 0.43 0.979
0.14 0.01 0.43999999999999995 0.977
0.14 0.01 0.44999999999999996 0.974
0.14 0.01 0.46 0.971
0.14 0.01 0.47000000000000003 0.968
0.14 0.01 0.48 0.965
0.14 0.01 0.49 0.961
0.14 0.01 0.5 0.957
0.14 0.01 0.51 0.954
0.14 0.01 0.52 0.949
0.14 0.01 0.53 0.945
0.14 0.01 0.54 0.94
0.14 0.01 0.55 0.935
0.14 0.01 0.56 0.93
0.14 0.01 0.57 0.925
0.14 0.01 0.58 0.919
0.14 0.01 0.59 0.913
0.14 0.01 0.6 0.907
0.14 0.01 0.61 0.901
0.14 0.01 0.62 0.894
0.14 0.01 0.63 0.887
0.14 0.01 0.64 0.88
0.14 0.01 0.65 0.872
0.14 0.01 0.66 0.864
0.14 0.01 0.67 0.856
0.14 0.01 0.68 0.847
0.14 0.01 0.69 0.838
0.14 0.01 0.7 0.829
0.14 0.01 0.71 0.819
0.14 0.01 0.72 0.809
0.14 0.01 0.7300000000000001 0.798
0.14 0.01 0.74 0.787
0.14 0.01 0.75 0.775
0.14 0.01 0.7599999999999999 0.763
0.14 0.01 0.77 0.751
0.14 0.01 0.78 0.738
0.14 0.01 0.79 0.724
0.14 0.01 0.8 0.71
0.14 0.01 0.81 0.696
0.14 0.01 0.8200000000000001 0.68
0.14 0.01 0.83 0.664
0.14 0.01 0.84 0.647
0.14 0.01 0.85 0.629
0.14 0.01 0.86 0.611
0.14 0.01 0.8700000000000001 0.591
0.14 0.01 0.8799999999999999 0.57
0.14 0.01 0.8899999999999999 0.548
0.14 0.01 0.8999999999999999 0.525
0.14 0.01 0.9100000000000001 0.5
0.14 0.01 0.92 0.474
0.14 0.01 0.93 0.445
0.14 0.01 0.9400000000000001 0.414
0.14 0.01 0.9500000000000001 0.379
0.14 0.01 0.96 0.34
0.14 0.01 0.9699999999999999 0.296
0.14 0.01 0.98 0.242
0.14 0.01 0.99 0.172
0.15 0.01 0.01 1
0.15 0.01 0.02 1
0.15 0.01 0.03 1
0.15 0.01 0.04 1
0.15 0.01 0.05 1
0.15 0.01 0.06 1
0.15 0.01 0.07 1
0.15 0.01 0.08 1
0.15 0.01 0.09 1
0.15 0.01 0.1 1
0.15 0.01 0.10999999999999999 1
0.15 0.01 0.12 1
0.15 0.01 0.13 1
0.15 0.01 0.14 1
0.15 0.01 0.15 1
0.15 0.01 0.16 1
0.15 0.01 0.17 1
0.15 0.01 0.18 1
0.15 0.01 0.18999999999999997 1
0.15 0.01 0.2 1
0.15 0.01 0.21 1
0.15 0.01 0.21999999999999997 1
0.15 0.01 0.23 1
0.15 0.01 0.24 1
0.15 0.01 0.25 1
0.15 0.01 0.26 1
0.15 0.01 0.27 1
0.15 0.01 0.28 0.998
0.15 0.01 0.29 0.998
0.15 0.01 0.3 0.997
0.15 0.01 0.31 0.997
0.15 0.01 0.32 0.996
0.15 0.01 0.33 0.995
0.15 0.01 0.34 0.994
0.15 0.01 0.35 0.993
0.15 0.01 0.36 0.992
0.15 0.01 0.37 0.991
0.15 0.01 0.37999999999999995 0.989
0.15 0.01 0.39 0.987
0.15 0.01 0.4 0.986
0.15 0.01 0.41000000000000003 0.984
0.15 0.01 0.42 0.981
0.15 0.01 0.43 0.979
0.15 0.01 0.43999999999999995 0.977
0.15 0.01 0.44999999999999996 0.974
0.15 0.01 0.46 0.971
0.15 0.01 0.47000000000000003 0.968
0.15 0.01 0.48 0.965
0.15 0.01 0.49 0.961
0.15 0.01 0.5 0.957
0.15 0.01 0.51 0.954
0.15 0.01 0.52 0.949
0.15 0.01 0.53 0.945
0.15 0.01 0.54 0.94
0.15 0.01 0.55 0.935
0.15 0.01 0.56 0.93
0.15 0.01 0.57 0.925
0.15 0.01 0.58 0.919
0.15 0.01 0.59 0.913
0.15 0.01 0.6 0.907
0.15 0.01 0.61 0.901
0.15 0.01 0.62 0.894
0.15 0.01 0.63 0.887
0.15 0.01 0.64 0.88
0.15 0.01 0.65 0.872
0.15 0.01 0.66 0.864
0.15 0.01 0.67 0.856
0.15 0.01 0.68 0.847
0.15 0.01 0.69 0.838
0.15 0.01 0.7 0.829
0.15 0.01 0.71 0.819
0.15 0.01 0.72 0.809
0.15 0.01 0.7300000000000001 0.798
0.15 0.01 0.74 0.787
0.15 0.01 0.75 0.775
0.15 0.01 0.7599999999999999 0.763
0.15 0.01 0.77 0.751
0.15 0.01 0.78 0.738
0.15 0.01 0.79 0.724
0.15 0.01 0.8 0.71
0.15 0.01 0.81 0.696
0.15 0.01 0.8200000000000001 0.68
0.15 0.01 0.83 0.664
0.15 0.01 0.84 0.647
0.15 0.01 0.85 0.629
0.15 0.01 0.86 0.611
0.15 0.01 0.8700000000000001 0.591
0.15 0.01 0.8799999999999999 0.57
0.15 0.01 0.8899999999999999 0.548
0.15 0.01 0.8999999999999999 0.525
0.15 0.01 0.9100000000000001 0.5
0.15 0.01 0.92 0.474
0.15 0.01 0.93 0.445
0.15 0.01 0.9400000000000001 0.414
0.15 0.01 0.9500000000000001 0.379
0.15 0.01 0.96 0.34
0.15 0.01 0.9699999999999999 0.296
0.15 0.01 0.98 0.242
0.15 0.01 0.99 0.172
0.16 0.01 0.01 1
0.16 0.01 0.02 1
0.16 0.01 0.03 1
0.16 0.01 0.04 1
0.16 0.01 0.05 1
0.16 0.01 0.06 1
0.16 0.01 0.07 1
0.16 0.01 0.08 1
0.16 0.01 0.09 1
0.16 0.01 0.1 1
0.16 0.01 0.10999999999999999 1
0.16 0.01 0.12 1
0.16 0.01 0.13 1
0.16 0.01 0.14 1
0.16 0.01 0.15 1
0.16 0.01 0.16 1
0.16 0.01 0.17 1
0.16 0.01 0.18 1
0.16 0.01 0.18999999999999997 1
0.16 0.01 0.2 1
0.16 0.01 0.21 1
0.16 0.01 0.21999999999999997 1
0.16 0.01 0.23 1
0.16 0.01 0.24 1
0.16 0.01 0.25 1
0.16 0.01 0.26 1
0.16 0.01 0.27 1
0.16 0.01 0.28 0.998
0.16 0.01 0.29 0.998
0.16 0.01 0.3 0.997
0.16 0.01 0.31 0.997
0.16 0.01 0.32 0.996
0.16 0.01 0.33 0.995
0.16 0.01 0.34 0.994
0.16 0.01 0.35 0.993
0.16 0.01 0.36 0.992
0.16 0.01 0.37 0.991
0.16 0.01 0.37999999999999995 0.989
0.16 0.01 0.39 0.987
0.16 0.01 0.4 0.986
0.16 0.01 0.41000000000000003 0.984
0.16 0.01 0.42 0.981
0.16 0.01 0.43 0.979
0.16 0.01 0.43999999999999995 0.977
0.16 0.01 0.44999999999999996 0.974
0.16 0.01 0.46 0.971
0.16 0.01 0.47000000000000003 0.968
0.16 0.01 0.48 0.965
0.16 0.01 0.49 0.961
0.16 0.01 0.5 0.957
0.16 0.01 0.51 0.954
0.16 0.01 0.52 0.949
0.16 0.01 0.53 0.945
0.16 0.01 0.54 0.94
0.16 0.01 0.55 0.935
0.16 0.01 0.56 0.93
0.16 0.01 0.57 0.925
0.16 0.01 0.58 0.919
0.16 0.01 0.59 0.913
0.16 0.01 0.6 0.907
0.16 0.01 0.61 0.901
0.16 0.01 0.62 0.894
0.16 0.01 0.63 0.887
0.16 0.01 0.64 0.88
0.16 0.01 0.65 0.872
0.16 0.01 0.66 0.864
0.16 0.01 0.67 0.856
0.16 0.01 0.68 0.847
0.16 0.01 0.69 0.838
0.16 0.01 0.7 0.829
0.16 0.01 0.71 0.819
0.16 0.01 0.72 0.809
0.16 0.01 0.7300000000000001 0.798
0.16 0.01 0.74 0.787
0.16 0.01 0.75 0.775
0.16 0.01 0.7599999999999999 0.763
0.16 0.01 0.77 0.751
0.16 0.01 0.78 0.738
0.16 0.01 0.79 0.724
0.16 0.01 0.8 0.71
0.16 0.01 0.81 0.696
0.16 0.01 0.8200000000000001 0.68
0.16 0.01 0.83 0.664
0.16 0.01 0.84 0.647
0.16 0.01 0.85 0.629
0.16 0.01 0.86 0.611
0.16 0.01 0.8700000000000001 0.591
0.16 0.01 0.8799999999999999 0.57
0.16 0.01 0.8899999999999999 0.549
0.16 0.01 0.8999999999999999 0.525
0.16 0.01 0.9100000000000001 0.5
0.16 0.01 0.92 0.474
0.16 0.01 0.93 0.445
0.16 0.01 0.9400000000000001 0.414
0.16 0.01 0.9500000000000001 0.379
0.16 0.01 0.96 0.34
0.16 0.01 0.9699999999999999 0.296
0.16 0.01 0.98 0.242
0.16 0.01 0.99 0.172
0.17 0.01 0.01 1
0.17 0.01 0.02 1
0.17 0.01 0.03 1
0.17 0.01 0.04 1
0.17 0.01 0.05 1
0.17 0.01 0.06 1
0.17 0.01 0.07 1
0.17 0.01 0.08 1
0.17 0.01 0.09 1
0.17 0.01 0.1 1
0.17 0.01 0.10999999999999999 1
0.17 0.01 0.12 1
0.17 0.01 0.13 1
0.17 0.01 0.14 1
0.17 0.01 0.15 1
0.17 0.01 0.16 1
0.17 0.01 0.17 1
0.17 0.01 0.18 1
0.17 0.01 0.18999999999999997 1
0.17 0.01 0.2 1
0.17 0.01 0.21 1
0.17 0.01 0.21999999999999997 1
0.17 0.01 0.23 1
0.17 0.01 0.24 1
0.17 0.01 0.25 1
0.17 0.01 0.26 1
0.17 0.01 0.27 1
0.17 0.01 0.28 0.998
0.17 0.01 0.29 0.998
0.17 0.01 0.3 0.997
0.17 0.01 0.31 0.997
0.17 0.01 0.32 0.996
0.17 0.01 0.33 0.995
0.17 0.01 0.34 0.994
0.17 0.01 0.35 0.993
0.17 0.01 0.36 0.992
0.17 0.01 0.37 0.991
0.17 0.01 0.37999999999999995 0.989
0.17 0.01 0.39 0.987
0.17 0.01 0.4 0.986
0.17 0.01 0.41000000000000003 0.984
0.17 0.01 0.42 0.981
0.17 0.01 0.43 0.979
0.17 0.01 0.43999999999999995 0.977
0.17 0.01 0.44999999999999996 0.974
0.17 0.01 0.46 0.971
0.17 0.01 0.47000000000000003 0.968
0.17 0.01 0.48 0.965
0.17 0.01 0.49 0.961
0.17 0.01 0.5 0.957
0.17 0.01 0.51 0.954
0.17 0.01 0.52 0.949
0.17 0.01 0.53 0.945
0.17 0.01 0.54 0.94
0.17 0.01 0.55 0.935
0.17 0.01 0.56 0.93
0.17 0.01 0.57 0.925
0.17 0.01 0.58 0.919
0.17 0.01 0.59 0.913
0.17 0.01 0.6 0.907
0.17 0.01 0.61 0.901
0.17 0.01 0.62 0.894
0.17 0.01 0.63 0.887
0.17 0.01 0.64 0.88
0.17 0.01 0.65 0.872
0.17 0.01 0.66 0.864
0.17 0.01 0.67 0.856
0.17 0.01 0.68 0.847
0.17 0.01 0.69 0.838
0.17 0.01 0.7 0.829
0.17 0.01 0.71 0.819
0.17 0.01 0.72 0.809
0.17 0.01 0.7300000000000001 0.798
0.17 0.01 0.74 0.787
0.17 0.01 0.75 0.775
0.17 0.01 0.7599999999999999 0.763
0.17 0.01 0.77 0.751
0.17 0.01 0.78 0.738
0.17 0.01 0.79 0.724
0.17 0.01 0.8 0.71
0.17 0.01 0.81 0.696
0.17 0.01 0.8200000000000001 0.68
0.17 0.01 0.83 0.664
0.17 0.01 0.84 0.647
0.17 0.01 0.85 0.629
0.17 0.01 0.86 0.611
0.17 0.01 0.8700000000000001 0.591
0.17 0.01 0.8799999999999999 0.57
0.17 0.01 0.8899999999999999 0.549
0.17 0.01 0.8999999999999999 0.525
0.17 0.01 0.9100000000000001 0.5
0.17 0.01 0.92 0.474
0.17 0.01 0.93 0.445
0.17 0.01 0.9400000000000001 0.414
0.17 0.01 0.9500000000000001 0.379
0.17 0.01 0.96 0.34
0.17 0.01 0.9699999999999999 0.296
0.17 0.01 0.98 0.242
0.17 0.01 0.99 0.172
0.18 0.01 0.01 1
0.18 0.01 0.02 1
0.18 0.01 0.03 1
0.18 0.01 0.04 1
0.18 0.01 0.05 1
0.18 0.01 0.06 1
0.18 0.01 0.07 1
0.18 0.01 0.08 1
0.18 0.01 0.09 1
0.18 0.01 0.1 1
0.18 0.01 0.10999999999999999 1
0.18 0.01 0.12 1
0.18 0.01 0.13 1
0.18 0.01 0.14 1
0.18 0.01 0.15 1
0.18 0.01 0.16 1
0.18 0.01 0.17 1
0.18 0.01 0.18 1
0.18 0.01 0.18999999999999997 1
0.18 0.01 0.2 1
0.18 0.01 0.21 1
0.18 0.01 0.21999999999999997 1
0.18 0.01 0.23 1
0.18 0.01 0.24 1
0.18 0.01 0.25 1
0.18 0.01 0.26 1
0.18 0.01 0.27 1
0.18 0.01 0.28 0.998
0.18 0.01 0.29 0.998
0.18 0.01 0.3 0.997
0.18 0.01 0.31 0.997
0.18 0.01 0.32 0.996
0.18 0.01 0.33 0.995
0.18 0.01 0.34 0.994
0.18 0.01 0.35 0.993
0.18 0.01 0.36 0.992
0.18 0.01 0.37 0.991
0.18 0.01 0.37999999999999995 0.989
0.18 0.01 0.39 0.987
0.18 0.01 0.4 0.986
0.18 0.01 0.41000000000000003 0.984
0.18 0.01 0.42 0.981
0.18 0.01 0.43 0.979
0.18 0.01 0.43999999999999995 0.977
0.18 0.01 0.44999999999999996 0.974
0.18 0.01 0.46 0.971
0.18 0.01 0.47000000000000003 0.968
0.18 0.01 0.48 0.965
0.18 0.01 0.49 0.961
0.18 0.01 0.5 0.957
0.18 0.01 0.51 0.954
0.18 0.01 0.52 0.949
0.18 0.01 0.53 0.945
0.18 0.01 0.54 0.94
0.18 0.01 0.55 0.935
0.18 0.01 0.56 0.93
0.18 0.01 0.57 0.925
0.18 0.01 0.58 0.919
0.18 0.01 0.59 0.913
0.18 0.01 0.6 0.907
0.18 0.01 0.61 0.901
0.18 0.01 0.62 0.894
0.18 0.01 0.63 0.887
0.18 0.01 0.64 0.88
0.18 0.01 0.65 0.872
0.18 0.01 0.66 0.864
0.18 0.01 0.67 0.856
0.18 0.01 0.68 0.847
0.18 0.01 0.69 0.838
0.18 0.01 0.7 0.829
0.18 0.01 0.71 0.819
0.18 0.01 0.72 0.809
0.18 0.01 0.7300000000000001 0.798
0.18 0.01 0.74 0.787
0.18 0.01 0.75 0.775
0.18 0.01 0.7599999999999999 0.763
0.18 0.01 0.77 0.751
0.18 0.01 0.78 0.738
0.18 0.01 0.79 0.724
0.18 0.01 0.8 0.71
0.18 0.01 0.81 0.696
0.18 0.01 0.8200000000000001 0.68
0.18 0.01 0.83 0.664
0.18 0.01 0.84 0.647
0.18 0.01 0.85 0.629
0.18 0.01 0.86 0.611
0.18 0.01 0.8700000000000001 0.591
0.18 0.01 0.8799999999999999 0.57
0.18 0.01 0.8899999999999999 0.549
0.18 0.01 0.8999999999999999 0.525
0.18 0.01 0.9100000000000001 0.5
0.18 0.01 0.92 0.474
0.18 0.01 0.93 0.445
0.18 0.01 0.9400000000000001 0.414
0.18 0.01 0.9500000000000001 0.379
0.18 0.01 0.96 0.34
0.18 0.01 0.9699999999999999 0.296
0.18 0.01 0.98 0.242
0.18 0.01 0.99 0.172
0.19 0.01 0.01 1
0.19 0.01 0.02 1
0.19 0.01 0.03 1
0.19 0.01 0.04 1
0.19 0.01 0.05 1
0.19 0.01 0.06 1
0.19 0.01 0.07 1
0.19 0.01 0.08 1
0.19 0.01 0.09 1
0.19 0.01 0.1 1
0.19 0.01 0.10999999999999999 1
0.19 0.01 0.12 1
0.19 0.01 0.13 1
0.19 0.01 0.14 1
0.19 0.01 0.15 1
0.19 0.01 0.16 1
0.19 0.01 0.17 1
0.19 0.01 0.18 1
0.19 0.01 0.18999999999999997 1
0.19 0.01 0.2 1
0.19 0.01 0.21 1
0.19 0.01 0.21999999999999997 1
0.19 0.01 0.23 1
0.19 0.01 0.24 1
0.19 0.01 0.25 1
0.19 0.01 0.26 1
0.19 0.01 0.27 1
0.19 0.01 0.28 0.998
0.19 0.01 0.29 0.998
0.19 0.01 0.3 0.997
0.19 0.01 0.31 0.997
0.19 0.01 0.32 0.996
0.19 0.01 0.33 0.995
0.19 0.01 0.34 0.994
0.19 0.01 0.35 0.993
0.19 0.01 0.36 0.992
0.19 0.01 0.37 0.991
0.19 0.01 0.37999999999999995 0.989
0.19 0.01 0.39 0.987
0.19 0.01 0.4 0.986
0.19 0.01 0.41000000000000003 0.984
0.19 0.01 0.42 0.981
0.19 0.01 0.43 0.979
0.19 0.01 0.43999999999999995 0.977
0.19 0.01 0.44999999999999996 0.974
0.19 0.01 0.46 0.971
0.19 0.01 0.47000000000000003 0.968
0.19 0.01 0.48 0.965
0.19 0.01 0.49 0.961
0.19 0.01 0.5 0.957
0.19 0.01 0.51 0.954
0.19 0.01 0.52 0.949
0.19 0.01 0.53 0.945
0.19 0.01 0.54 0.94
0.19 0.01 0.55 0.935
0.19 0.01 0.56 0.93
0.19 0.01 0.57 0.925
0.19 0.01 0.58 0.919
0.19 0.01 0.59 0.913
0.19 0.01 0.6 0.907
0.19 0.01 0.61 0.901
0.19 0.01 0.62 0.894
0.19 0.01 0.63 0.887
0.19 0.01 0.64 0.88
0.19 0.01 0.65 0.872
0.19 0.01 0.66 0.864
0.19 0.01 0.67 0.856
0.19 0.01 0.68 0.847
0.19 0.01 0.69 0.838
0.19 0.01 0.7 0.829
0.19 0.01 0.71 0.819
0.19 0.01 0.72 0.809
0.19 0.01 0.7300000000000001 0.798
0.19 0.01 0.74 0.787
0.19 0.01 0.75 0.775
0.19 0.01 0.7599999999999999 0.763
0.19 0.01 0.77 0.751
0.19 0.01 0.78 0.738
0.19 0.01 0.79 0.724
0.19 0.01 0.8 0.71
0.19 0.01 0.81 0.696
0.19 0.01 0.8200000000000001 0.68
0.19 0.01 0.83 0.664
0.19 0.01 0.84 0.647
0.19 0.01 0.85 0.629
0.19 0.01 0.86 0.611
0.19 0.01 0.8700000000000001 0.591
0.19 0.01 0.8799999999999999 0.57
0.19 0.01 0.8899999999999999 0.549
0.19 0.01 0.8999999999999999 0.525
0.19 0.01 0.9100000000000001 0.5
0.19 0.01 0.92 0.474
0.19 0.01 0.93 0.445
0.19 0.01 0.9400000000000001 0.414
0.19 0.01 0.9500000000000001 0.379
0.19 0.01 0.96 0.34
0.19 0.01 0.9699999999999999 0.296
0.19 0.01 0.98 0.242
0.19 0.01 0.99 0.172
0.2 0.01 0.01 1
0.2 0.01 0.02 1
0.2 0.01 0.03 1
0.2 0.01 0.04 1
0.2 0.01 0.05 1
0.2 0.01 0.06 1
0.2 0.01 0.07 1
0.2 0.01 0.08 1
0.2 0.01 0.09 1
0.2 0.01 0.1 1
0.2 0.01 0.10999999999999999 1
0.2 0.01 0.12 1
0.2 0.01 0.13 1
0.2 0.01 0.14 1
0.2 0.01 0.15 1
0.2 0.01 0.16 1
0.2 0.01 0.17 1
0.2 0.01 0.18 1
0.2 0.01 0.18999999999999997 1
0.2 0.01 0.2 1
0.2 0.01 0.21 1
0.2 0.01 0.21999999999999997 1
0.2 0.01 0.23 1
0.2 0.01 0.24 1
0.2 0.01 0.25 1
0.2 0.01 0.26 1
0.2 0.01 0.27 1
0.2 0.01 0.28 0.998
0.2 0.01 0.29 0.998
0.2 0.01 0.3 0.997
0.2 0.01 0.31 0.997
0.2 0.01 0.32 0.996
0.2 0.01 0.33 0.995
0.2 0.01 0.34 0.994
0.2 0.01 0.35 0.993
0.2 0.01 0.36 0.992
0.2 0.01 0.37 0.991
0.2 0.01 0.37999999999999995 0.989
0.2 0.01 0.39 0.987
0.2 0.01 0.4 0.986
0.2 0.01 0.41000000000000003 0.984
0.2 0.01 0.42 0.981
0.2 0.01 0.43 0.979
0.2 0.01 0.43999999999999995 0.977
0.2 0.01 0.44999999999999996 0.974
0.2 0.01 0.46 0.971
0.2 0.01 0.47000000000000003 0.968
0.2 0.01 0.48 0.965
0.2 0.01 0.49 0.961
0.2 0.01 0.5 0.957
0.2 0.01 0.51 0.954
0.2 0.01 0.52 0.949
0.2 0.01 0.53 0.945
0.2 0.01 0.54 0.94
0.2 0.01 0.55 0.935
0.2 0.01 0.56 0.93
0.2 0.01 0.57 0.925
0.2 0.01 0.58 0.919
0.2 0.01 0.59 0.913
0.2 0.01 0.6 0.907
0.2 0.01 0.61 0.901
0.2 0.01 0.62 0.894
0.2 0.01 0.63 0.887
0.2 0.01 0.64 0.88
0.2 0.01 0.65 0.872
0.2 0.01 0.66 0.864
0.2 0.01 0.67 0.856
0.2 0.01 0.68 0.847
0.2 0.01 0.69 0.838
0.2 0.01 0.7 0.829
0.2 0.01 0.71 0.819
0.2 0.01 0.72 0.809
0.2 0.01 0.7300000000000001 0.798
0.2 0.01 0.74 0.787
0.2 0.01 0.75 0.775
0.2 0.01 0.7599999999999999 0.763
0.2 0.01 0.77 0.751
0.2 0.01 0.78 0.738
0.2 0.01 0.79 0.724
0.2 0.01 0.8 0.71
0.2 0.01 0.81 0.696
0.2 0.01 0.8200000000000001 0.68
0.2 0.01 0.83 0.664
0.2 0.01 0.84 0.647
0.2 0.01 0.85 0.629
0.2 0.01 0.86 0.611
0.2 0.01 0.8700000000000001 0.591
0.2 0.01 0.8799999999999999 0.57
0.2 0.01 0.8899999999999999 0.549
0.2 0.01 0.8999999999999999 0.525
0.2 0.01 0.9100000000000001 0.5
0.2 0.01 0.92 0.474
0.2 0.01 0.93 0.445
0.2 0.01 0.9400000000000001 0.414
0.2 0.01 0.9500000000000001 0.379
0.2 0.01 0.96 0.34
0.2 0.01 0.9699999999999999 0.296
0.2 0.01 0.98 0.243
0.2 0.01 0.99 0.172
0.21 0.01 0.01 1
0.21 0.01 0.02 1
0.21 0.01 0.03 1
0.21 0.01 0.04 1
0.21 0.01 0.05 1
0.21 0.01 0.06 1
0.21 0.01 0.07 1
0.21 0.01 0.08 1
0.21 0.01 0.09 1
0.21 0.01 0.1 1
0.21 0.01 0.10999999999999999 1
0.21 0.01 0.12 1
0.21 0.01 0.13 1
0.21 0.01 0.14 1
0.21 0.01 0.15 1
0.21 0.01 0.16 1
0.21 0.01 0.17 1
0.21 0.01 0.18 1
0.21 0.01 0.18999999999999997 1
0.21 0.01 0.2 1
0.21 0.01 0.21 1
0.21 0.01 0.21999999999999997 1
0.21 0.01 0.23 1
0.21 0.01 0.24 1
0.21 0.01 0.25 1
0.21 0.01 0.26 1
0.21 0.01 0.27 1
0.21 0.01 0.28 0.998
0.21 0.01 0.29 0.998
0.21 0.01 0.3 0.997
0.21 0.01 0.31 0.997
0.21 0.01 0.32 0.996
0.21 0.01 0.33 0.995
0.21 0.01 0.34 0.994
0.21 0.01 0.35 0.993
0.21 0.01 0.36 0.992
0.21 0.01 0.37 0.991
0.21 0.01 0.37999999999999995 0.989
0.21 0.01 0.39 0.987
0.21 0.01 0.4 0.986
0.21 0.01 0.41000000000000003 0.984
0.21 0.01 0.42 0.981
0.21 0.01 0.43 0.979
0.21 0.01 0.43999999999999995 0.977
0.21 0.01 0.44999999999999996 0.974
0.21 0.01 0.46 0.971
0.21 0.01 0.47000000000000003 0.968
0.21 0.01 0.48 0.965
0.21 0.01 0.49 0.961
0.21 0.01 0.5 0.957
0.21 0.01 0.51 0.954
0.21 0.01 0.52 0.949
0.21 0.01 0.53 0.945
0.21 0.01 0.54 0.94
0.21 0.01 0.55 0.935
0.21 0.01 0.56 0.93
0.21 0.01 0.57 0.925
0.21 0.01 0.58 0.919
0.21 0.01 0.59 0.913
0.21 0.01 0.6 0.907
0.21 0.01 0.61 0.901
0.21 0.01 0.62 0.894
0.21 0.01 0.63 0.887
0.21 0.01 0.64 0.88
0.21 0.01 0.65 0.872
0.21 0.01 0.66 0.864
0.21 0.01 0.67 0.856
0.21 0.01 0.68 0.847
0.21 0.01 0.69 0.838
0.21 0.01 0.7 0.829
0.21 0.01 0.71 0.819
0.21 0.01 0.72 0.809
0.21 0.01 0.7300000000000001 0.798
0.21 0.01 0.74 0.787
0.21 0.01 0.75 0.775
0.21 0.01 0.7599999999999999 0.763
0.21 0.01 0.77 0.751
0.21 0.01 0.78 0.738
0.21 0.01 0.79 0.724
0.21 0.01 0.8 0.71
0.21 0.01 0.81 0.696
0.21 0.01 0.8200000000000001 0.68
0.21 0.01 0.83 0.664
0.21 0.01 0.84 0.647
0.21 0.01 0.85 0.629
0.21 0.01 0.86 0.611
0.21 0.01 0.8700000000000001 0.591
0.21 0.01 0.8799999999999999 0.57
0.21 0.01 0.8899999999999999 0.549
0.21 0.01 0.8999999999999999 0.525
0.21 0.01 0.9100000000000001 0.5
0.21 0.01 0.92 0.474
0.21 0.01 0.93 0.445
0.21 0.01 0.9400000000000001 0.414
0.21 0.01 0.9500000000000001 0.379
0.21 0.01 0.96 0.341
0.21 0.01 0.9699999999999999 0.296
0.21 0.01 0.98 0.243
0.21 0.01 0.99 0.172
0.22 0.01 0.01 1
0.22 0.01 0.02 1
0.22 0.01 0.03 1
0.22 0.01 0.04 1
0.22 0.01 0.05 1
0.22 0.01 0.06 1
0.22 0.01 0.07 1
0.22 0.01 0.08 1
0.22 0.01 0.09 1
0.22 0.01 0.1 1
0.22 0.01 0.10999999999999999 1
0.22 0.01 0.12 1
0.22 0.01 0.13 1
0.22 0.01 0.14 1
0.22 0.01 0.15 1
0.22 0.01 0.16 1
0.22 0.01 0.17 1
0.22 0.01 0.18 1
0.22 0.01 0.18999999999999997 1
0.22 0.01 0.2 1
0.22 0.01 0.21 1
0.22 0.01 0.21999999999999997 1
0.22 0.01 0.23 1
0.22 0.01 0.24 1
0.22 0.01 0.25 1
0.22 0.01 0.26 1
0.22 0.01 0.27 1
0.22 0.01 0.28 0.998
0.22 0.01 0.29 0.998
0.22 0.01 0.3 0.997
0.22 0.01 0.31 0.997
0.22 0.01 0.32 0.996
0.22 0.01 0.33 0.995
0.22 0.01 0.34 0.994
0.22 0.01 0.35 0.993
0.22 0.01 0.36 0.992
0.22 0.01 0.37 0.991
0.22 0.01 0.37999999999999995 0.989
0.22 0.01 0.39 0.987
0.22 0.01 0.4 0.986
0.22 0.01 0.41000000000000003 0.984
0.22 0.01 0.42 0.981
0.22 0.01 0.43 0.979
0.22 0.01 0.43999999999999995 0.977
0.22 0.01 0.44999999999999996 0.974
0.22 0.01 0.46 0.971
0.22 0.01 0.47000000000000003 0.968
0.22 0.01 0.48 0.965
0.22 0.01 0.49 0.961
0.22 0.01 0.5 0.957
0.22 0.01 0.51 0.954
0.22 0.01 0.52 0.949
0.22 0.01 0.53 0.945
0.22 0.01 0.54 0.94
0.22 0.01 0.55 0.935
0.22 0.01 0.56 0.93
0.22 0.01 0.57 0.925
0.22 0.01 0.58 0.919
0.22 0.01 0.59 0.913
0.22 0.01 0.6 0.907
0.22 0.01 0.61 0.901
0.22 0.01 0.62 0.894
0.22 0.01 0.63 0.887
0.22 0.01 0.64 0.88
0.22 0.01 0.65 0.872
0.22 0.01 0.66 0.864
0.22 0.01 0.67 0.856
0.22 0.01 0.68 0.847
0.22 0.01 0.69 0.838
0.22 0.01 0.7 0.829
0.22 0.01 0.71 0.819
0.22 0.01 0.72 0.809
0.22 0.01 0.7300000000000001 0.798
0.22 0.01 0.74 0.787
0.22 0.01 0.75 0.775
0.22 0.01 0.7599999999999999 0.763
0.22 0.01 0.77 0.751
0.22 0.01 0.78 0.738
0.22 0.01 0.79 0.724
0.22 0.01 0.8 0.71
0.22 0.01 0.81 0.696
0.22 0.01 0.8200000000000001 0.68
0.22 0.01 0.83 0.664
0.22 0.01 0.84 0.647
0.22 0.01 0.85 0.629
0.22 0.01 0.86 0.611
0.22 0.01 0.8700000000000001 0.591
0.22 0.01 0.8799999999999999 0.57
0.22 0.01 0.8899999999999999 0.549
0.22 0.01 0.8999999999999999 0.525
0.22 0.01 0.9100000000000001 0.5
0.22 0.01 0.92 0.474
0.22 0.01 0.93 0.445
0.22 0.01 0.9400000000000001 0.414
0.22 0.01 0.9500000000000001 0.379
0.22 0.01 0.96 0.341
0.22 0.01 0.9699999999999999 0.296
0.22 0.01 0.98 0.243
0.22 0.01 0.99 0.172
0.23 0.01 0.01 1
0.23 0.01 0.02 1
0.23 0.01 0.03 1
0.23 0.01 0.04 1
0.23 0.01 0.05 1
0.23 0.01 0.06 1
0.23 0.01 0.07 1
0.23 0.01 0.08 1
0.23 0.01 0.09 1
0.23 0.01 0.1 1
0.23 0.01 0.10999999999999999 1
0.23 0.01 0.12 1
0.23 0.01 0.13 1
0.23 0.01 0.14 1
0.23 0.01 0.15 1
0.23 0.01 0.16 1
0.23 0.01 0.17 1
0.23 0.01 0.18 1
0.23 0.01 0.18999999999999997 1
0.23 0.01 0.2 1
0.23 0.01 0.21 1
0.23 0.01 0.21999999999999997 1
0.23 0.01 0.23 1
0.23 0.01 0.24 1
0.23 0.01 0.25 1
0.23 0.01 0.26 1
0.23 0.01 0.27 1
0.23 0.01 0.28 0.998
0.23 0.01 0.29 0.998
0.23 0.01 0.3 0.997
0.23 0.01 0.31 0.997
0.23 0.01 0.32 0.996
0.23 0.01 0.33 0.995
0.23 0.01 0.34 0.994
0.23 0.01 0.35 0.993
0.23 0.01 0.36 0.992
0.23 0.01 0.37 0.991
0.23 0.01 0.37999999999999995 0.989
0.23 0.01 0.39 0.987
0.23 0.01 0.4 0.986
0.23 0.01 0.41000000000000003 0.984
0.23 0.01 0.42 0.981
0.23 0.01 0.43 0.979
0.23 0.01 0.43999999999999995 0.977
0.23 0.01 0.44999999999999996 0.974
0.23 0.01 0.46 0.971
0.23 0.01 0.47000000000000003 0.968
0.23 0.01 0.48 0.965
0.23 0.01 0.49 0.961
0.23 0.01 0.5 0.957
0.23 0.01 0.51 0.954
0.23 0.01 0.52 0.949
0.23 0.01 0.53 0.945
0.23 0.01 0.54 0.94
0.23 0.01 0.55 0.935
0.23 0.01 0.56 0.93
0.23 0.01 0.57 0.925
0.23 0.01 0.58 0.919
0.23 0.01 0.59 0.913
0.23 0.01 0.6 0.907
0.23 0.01 0.61 0.901
0.23 0.01 0.62 0.894
0.23 0.01 0.63 0.887
0.23 0.01 0.64 0.88
0.23 0.01 0.65 0.872
0.23 0.01 0.66 0.864
0.23 0.01 0.67 0.856
0.23 0.01 0.68 0.847
0.23 0.01 0.69 0.838
0.23 0.01 0.7 0.829
0.23 0.01 0.71 0.819
0.23 0.01 0.72 0.809
0.23 0.01 0.7300000000000001 0.798
0.23 0.01 0.74 0.787
0.23 0.01 0.75 0.775
0.23 0.01 0.7599999999999999 0.763
0.23 0.01 0.77 0.751
0.23 0.01 0.78 0.738
0.23 0.01 0.79 0.724
0.23 0.01 0.8 0.71
0.23 0.01 0.81 0.696
0.23 0.01 0.8200000000000001 0.68
0.23 0.01 0.83 0.664
0.23 0.01 0.84 0.647
0.23 0.01 0.85 0.629
0.23 0.01 0.86 0.611
0.23 0.01 0.8700000000000001 0.591
0.23 0.01 0.8799999999999999 0.57
0.23 0.01 0.8899999999999999 0.549
0.23 0.01 0.8999999999999999 0.525
0.23 0.01 0.9100000000000001 0.5
0.23 0.01 0.92 0.474
0.23 0.01 0.93 0.445
0.23 0.01 0.9400000000000001 0.414
0.23 0.01 0.9500000000000001 0.379
0.23 0.01 0.96 0.341
0.23 0.01 0.9699999999999999 0.296
0.23 0.01 0.98 0.243
0.23 0.01 0.99 0.172
0.24 0.01 0.01 1
0.24 0.01 0.02 1
0.24 0.01 0.03 1
0.24 0.01 0.04 1
0.24 0.01 0.05 1
0.24 0.01 0.06 1
0.24 0.01 0.07 1
0.24 0.01 0.08 1
0.24 0.01 0.09 1
0.24 0.01 0.1 1
0.24 0.01 0.10999999999999999 1
0.24 0.01 0.12 1
0.24 0.01 0.13 1
0.24 0.01 0.14 1
0.24 0.01 0.15 1
0.24 0.01 0.16 1
0.24 0.01 0.17 1
0.24 0.01 0.18 1
0.24 0.01 0.18999999999999997 1
0.24 0.01 0.2 1
0.24 0.01 0.21 1
0.24 0.01 0.21999999999999997 1
0.24 0.01 0.23 1
0.24 0.01 0.24 1
0.24 0.01 0.25 1
0.24 0.01 0.26 1
0.24 0.01 0.27 1
0.24 0.01 0.28 0.998
0.24 0.01 0.29 0.998
0.24 0.01 0.3 0.997
0.24 0.01 0.31 0.997
0.24 0.01 0.32 0.996
0.24 0.01 0.33 0.995
0.24 0.01 0.34 0.994
0.24 0.01 0.35 0.993
0.24 0.01 0.36 0.992
0.24 0.01 0.37 0.991
0.24 0.01 0.37999999999999995 0.989
0.24 0.01 0.39 0.987
0.24 0.01 0.4 0.986
0.24 0.01 0.41000000000000003 0.984
0.24 0.01 0.42 0.981
0.24 0.01 0.43 0.979
0.24 0.01 0.43999999999999995 0.977
0.24 0.01 0.44999999999999996 0.974
0.24 0.01 0.46 0.971
0.24 0.01 0.47000000000000003 0.968
0.24 0.01 0.48 0.965
0.24 0.01 0.49 0.961
0.24 0.01 0.5 0.957
0.24 0.01 0.51 0.954
0.24 0.01 0.52 0.949
0.24 0.01 0.53 0.945
0.24 0.01 0.54 0.94
0.24 0.01 0.55 0.935
0.24 0.01 0.56 0.93
0.24 0.01 0.57 0.925
0.24 0.01 0.58 0.919
0.24 0.01 0.59 0.913
0.24 0.01 0.6 0.907
0.24 0.01 0.61 0.901
0.24 0.01 0.62 0.894
0.24 0.01 0.63 0.887
0.24 0.01 0.64 0.88
0.24 0.01 0.65 0.872
0.24 0.01 0.66 0.864
0.24 0.01 0.67 0.856
0.24 0.01 0.68 0.847
0.24 0.01 0.69 0.838
0.24 0.01 0.7 0.829
0.24 0.01 0.71 0.819
0.24 0.01 0.72 0.809
0.24 0.01 0.7300000000000001 0.798
0.24 0.01 0.74 0.787
0.24 0.01 0.75 0.775
0.24 0.01 0.7599999999999999 0.763
0.24 0.01 0.77 0.751
0.24 0.01 0.78 0.738
0.24 0.01 0.79 0.724
0.24 0.01 0.8 0.71
0.24 0.01 0.81 0.696
0.24 0.01 0.8200000000000001 0.68
0.24 0.01 0.83 0.664
0.24 0.01 0.84 0.647
0.24 0.01 0.85 0.629
0.24 0.01 0.86 0.611
0.24 0.01 0.8700000000000001 0.591
0.24 0.01 0.8799999999999999 0.57
0.24 0.01 0.8899999999999999 0.549
0.24 0.01 0.8999999999999999 0.525
0.24 0.01 0.9100000000000001 0.5
0.24 0.01 0.92 0.474
0.24 0.01 0.93 0.445
0.24 0.01 0.9400000000000001 0.414
0.24 0.01 0.9500000000000001 0.379
0.24 0.01 0.96 0.341
0.24 0.01 0.9699999999999999 0.296
0.24 0.01 0.98 0.243
0.24 0.01 0.99 0.172
0.25 0.01 0.01 1
0.25 0.01 0.02 1
0.25 0.01 0.03 1
0.25 0.01 0.04 1
0.25 0.01 0.05 1
0.25 0.01 0.06 1
0.25 0.01 0.07 1
0.25 0.01 0.08 1
0.25 0.01 0.09 1
0.25 0.01 0.1 1
0.25 0.01 0.10999999999999999 1
0.25 0.01 0.12 1
0.25 0.01 0.13 1
0.25 0.01 0.14 1
0.25 0.01 0.15 1
0.25 0.01 0.16 1
0.25 0.01 0.17 1
0.25 0.01 0.18 1
0.25 0.01 0.18999999999999997 1
0.25 0.01 0.2 1
0.25 0.01 0.21 1
0.25 0.01 0.21999999999999997 1
0.25 0.01 0.23 1
0.25 0.01 0.24 1
0.25 0.01 0.25 1
0.25 0.01 0.26 1
0.25 0.01 0.27 1
0.25 0.01 0.28 0.998
0.25 0.01 0.29 0.998
0.25 0.01 0.3 0.997
0.25 0.01 0.31 0.997
0.25 0.01 0.32 0.996
0.25 0.01 0.33 0.995
0.25 0.01 0.34 0.994
0.25 0.01 0.35 0.993
0.25 0.01 0.36 0.992
0.25 0.01 0.37 0.991
0.25 0.01 0.37999999999999995 0.989
0.25 0.01 0.39 0.987
0.25 0.01 0.4 0.986
0.25 0.01 0.41000000000000003 0.984
0.25 0.01 0.42 0.981
0.25 0.01 0.43 0.979
0.25 0.01 0.43999999999999995 0.977
0.25 0.01 0.44999999999999996 0.974
0.25 0.01 0.46 0.971
0.25 0.01 0.47000000000000003 0.968
0.25 0.01 0.48 0.965
0.25 0.01 0.49 0.961
0.25 0.01 0.5 0.957
0.25 0.01 0.51 0.954
0.25 0.01 0.52 0.949
0.25 0.01 0.53 0.945
0.25 0.01 0.54 0.94
0.25 0.01 0.55 0.935
0.25 0.01 0.56 0.93
0.25 0.01 0.57 0.925
0.25 0.01 0.58 0.919
0.25 0.01 0.59 0.913
0.25 0.01 0.6 0.907
0.25 0.01 0.61 0.901
0.25 0.01 0.62 0.894
0.25 0.01 0.63 0.887
0.25 0.01 0.64 0.88
0.25 0.01 0.65 0.872
0.25 0.01 0.66 0.864
0.25 0.01 0.67 0.856
0.25 0.01 0.68 0.847
0.25 0.01 0.69 0.838
0.25 0.01 0.7 0.829
0.25 0.01 0.71 0.819
0.25 0.01 0.72 0.809
0.25 0.01 0.7300000000000001 0.798
0.25 0.01 0.74 0.787
0.25 0.01 0.75 0.775
0.25 0.01 0.7599999999999999 0.763
0.25 0.01 0.77 0.751
0.25 0.01 0.78 0.738
0.25 0.01 0.79 0.724
0.25 0.01 0.8 0.71
0.25 0.01 0.81 0.696
0.25 0.01 0.8200000000000001 0.68
0.25 0.01 0.83 0.664
0.25 0.01 0.84 0.647
0.25 0.01 0.85 0.629
0.25 0.01 0.86 0.611
0.25 0.01 0.8700000000000001 0.591
0.25 0.01 0.8799999999999999 0.57
0.25 0.01 0.8899999999999999 0.549
0.25 0.01 0.8999999999999999 0.525
0.25 0.01 0.9100000000000001 0.5
0.25 0.01 0.92 0.474
0.25 0.01 0.93 0.445
0.25 0.01 0.9400000000000001 0.414
0.25 0.01 0.9500000000000001 0.379
0.25 0.01 0.96 0.341
0.25 0.01 0.9699999999999999 0.296
0.25 0.01 0.98 0.243
0.25 0.01 0.99 0.172
0.26 0.01 0.01 1
0.26 0.01 0.02 1
0.26 0.01 0.03 1
0.26 0.01 0.04 1
0.26 0.01 0.05 1
0.26 0.01 0.06 1
0.26 0.01 0.07 1
0.26 0.01 0.08 1
0.26 0.01 0.09 1
0.26 0.01 0.1 1
0.26 0.01 0.10999999999999999 1
0.26 0.01 0.12 1
0.26 0.01 0.13 1
0.26 0.01 0.14 1
0.26 0.01 0.15 1
0.26 0.01 0.16 1
0.26 0.01 0.17 1
0.26 0.01 0.18 1
0.26 0.01 0.18999999999999997 1
0.26 0.01 0.2 1
0.26 0.01 0.21 1
0.26 0.01 0.21999999999999997 1
0.26 0.01 0.23 1
0.26 0.01 0.24 1
0.26 0.01 0.25 1
0.26 0.01 0.26 1
0.26 0.01 0.27 1
0.26 0.01 0.28 0.998
0.26 0.01 0.29 0.998
0.26 0.01 0.3 0.997
0.26 0.01 0.31 0.997
0.26 0.01 0.32 0.996
0.26 0.01 0.33 0.995
0.26 0.01 0.34 0.994
0.26 0.01 0.35 0.993
0.26 0.01 0.36 0.992
0.26 0.01 0.37 0.991
0.26 0.01 0.37999999999999995 0.989
0.26 0.01 0.39 0.987
0.26 0.01 0.4 0.986
0.26 0.01 0.41000000000000003 0.984
0.26 0.01 0.42 0.981
0.26 0.01 0.43 0.979
0.26 0.01 0.43999999999999995 0.977
0.26 0.01 0.44999999999999996 0.974
0.26 0.01 0.46 0.971
0.26 0.01 0.47000000000000003 0.968
0.26 0.01 0.48 0.965
0.26 0.01 0.49 0.961
0.26 0.01 0.5 0.957
0.26 0.01 0.51 0.954
0.26 0.01 0.52 0.949
0.26 0.01 0.53 0.945
0.26 0.01 0.54 0.94
0.26 0.01 0.55 0.935
0.26 0.01 0.56 0.93
0.26 0.01 0.57 0.925
0.26 0.01 0.58 0.919
0.26 0.01 0.59 0.913
0.26 0.01 0.6 0.907
0.26 0.01 0.61 0.901
0.26 0.01 0.62 0.894
0.26 0.01 0.63 0.887
0.26 0.01 0.64 0.88
0.26 0.01 0.65 0.872
0.26 0.01 0.66 0.864
0.26 0.01 0.67 0.856
0.26 0.01 0.68 0.847
0.26 0.01 0.69 0.838
0.26 0.01 0.7 0.829
0.26 0.01 0.71 0.819
0.26 0.01 0.72 0.809
0.26 0.01 0.7300000000000001 0.798
0.26 0.01 0.74 0.787
0.26 0.01 0.75 0.775
0.26 0.01 0.7599999999999999 0.763
0.26 0.01 0.77 0.751
0.26 0.01 0.78 0.738
0.26 0.01 0.79 0.724
0.26 0.01 0.8 0.71
0.26 0.01 0.81 0.696
0.26 0.01 0.8200000000000001 0.68
0.26 0.01 0.83 0.664
0.26 0.01 0.84 0.647
0.26 0.01 0.85 0.629
0.26 0.01 0.86 0.611
0.26 0.01 0.8700000000000001 0.591
0.26 0.01 0.8799999999999999 0.57
0.26 0.01 0.8899999999999999 0.549
0.26 0.01 0.8999999999999999 0.525
0.26 0.01 0.9100000000000001 0.5
0.26 0.01 0.92 0.474
0.26 0.01 0.93 0.445
0.26 0.01 0.9400000000000001 0.414
0.26 0.01 0.9500000000000001 0.379
0.26 0.01 0.96 0.341
0.26 0.01 0.9699999999999999 0.296
0.26 0.01 0.98 0.243
0.26 0.01 0.99 0.172
0.27 0.01 0.01 1
0.27 0.01 0.02 1
0.27 0.01 0.03 1
0.27 0.01 0.04 1
0.27 0.01 0.05 1
0.27 0.01 0.06 1
0.27 0.01 0.07 1
0.27 0.01 0.08 1
0.27 0.01 0.09 1
0.27 0.01 0.1 1
0.27 0.01 0.10999999999999999 1
0.27 0.01 0.12 1
0.27 0.01 0.13 1
0.27 0.01 0.14 1
0.27 0.01 0.15 1
0.27 0.01 0.16 1
0.27 0.01 0.17 1
0.27 0.01 0.18 1
0.27 0.01 0.18999999999999997 1
0.27 0.01 0.2 1
0.27 0.01 0.21 1
0.27 0.01 0.21999999999999997 1
0.27 0.01 0.23 1
0.27 0.01 0.24 1
0.27 0.01 0.25 1
0.27 0.01 0.26 1
0.27 0.01 0.27 1
0.27 0.01 0.28 0.998
0.27 0.01 0.29 0.998
0.27 0.01 0.3 0.997
0.27 0.01 0.31 0.997
0.27 0.01 0.32 0.996
0.27 0.01 0.33 0.995
0.27 0.01 0.34 0.994
0.27 0.01 0.35 0.993
0.27 0.01 0.36 0.992
0.27 0.01 0.37 0.991
0.27 0.01 0.37999999999999995 0.989
0.27 0.01 0.39 0.987
0.27 0.01 0.4 0.986
0.27 0.01 0.41000000000000003 0.984
0.27 0.01 0.42 0.981
0.27 0.01 0.43 0.979
0.27 0.01 0.43999999999999995 0.977
0.27 0.01 0.44999999999999996 0.974
0.27 0.01 0.46 0.971
0.27 0.01 0.47000000000000003 0.968
0.27 0.01 0.48 0.965
0.27 0.01 0.49 0.961
0.27 0.01 0.5 0.957
0.27 0.01 0.51 0.954
0.27 0.01 0.52 0.949
0.27 0.01 0.53 0.945
0.27 0.01 0.54 0.94
0.27 0.01 0.55 0.935
0.27 0.01 0.56 0.93
0.27 0.01 0.57 0.925
0.27 0.01 0.58 0.919
0.27 0.01 0.59 0.913
0.27 0.01 0.6 0.907
0.27 0.01 0.61 0.901
0.27 0.01 0.62 0.894
0.27 0.01 0.63 0.887
0.27 0.01 0.64 0.88
0.27 0.01 0.65 0.872
0.27 0.01 0.66 0.864
0.27 0.01 0.67 0.856
0.27 0.01 0.68 0.847
0.27 0.01 0.69 0.838
0.27 0.01 0.7 0.829
0.27 0.01 0.71 0.819
0.27 0.01 0.72 0.809
0.27 0.01 0.7300000000000001 0.798
0.27 0.01 0.74 0.787
0.27 0.01 0.75 0.775
0.27 0.01 0.7599999999999999 0.763
0.27 0.01 0.77 0.751
0.27 0.01 0.78 0.738
0.27 0.01 0.79 0.724
0.27 0.01 0.8 0.71
0.27 0.01 0.81 0.696
0.27 0.01 0.8200000000000001 0.68
0.27 0.01 0.83 0.664
0.27 0.01 0.84 0.647
0.27 0.01 0.85 0.629
0.27 0.01 0.86 0.611
0.27 0.01 0.8700000000000001 0.591
0.27 0.01 0.8799999999999999 0.57
0.27 0.01 0.8899999999999999 0.549
0.27 0.01 0.8999999999999999 0.525
0.27 0.01 0.9100000000000001 0.5
0.27 0.01 0.92 0.474
0.27 0.01 0.93 0.445
0.27 0.01 0.9400000000000001 0.414
0.27 0.01 0.9500000000000001 0.379
0.27 0.01 0.96 0.341
0.27 0.01 0.9699999999999999 0.296
0.27 0.01 0.98 0.243
0.27 0.01 0.99 0.172
0.28 0.01 0.01 1
0.28 0.01 0.02 1
0.28 0.01 0.03 1
0.28 0.01 0.04 1
0.28 0.01 0.05 1
0.28 0.01 0.06 1
0.28 0.01 0.07 1
0.28 0.01 0.08 1
0.28 0.01 0.09 1
0.28 0.01 0.1 1
0.28 0.01 0.10999999999999999 1
0.28 0.01 0.12 1
0.28 0.01 0.13 1
0.28 0.01 0.14 1
0.28 0.01 0.15 1
0.28 0.01 0.16 1
0.28 0.01 0.17 1
0.28 0.01 0.18 1
0.28 0.01 0.18999999999999997 1
0.28 0.01 0.2 1
0.28 0.01 0.21 1
0.28 0.01 0.21999999999999997 1
0.28 0.01 0.23 1
0.28 0.01 0.24 1
0.28 0.01 0.25 1
0.28 0.01 0.26 1
0.28 0.01 0.27 1
0.28 0.01 0.28 0.998
0.28 0.01 0.29 0.998
0.28 0.01 0.3 0.997
0.28 0.01 0.31 0.997
0.28 0.01 0.32 0.996
0.28 0.01 0.33 0.995
0.28 0.01 0.34 0.994
0.28 0.01 0.35 0.993
0.28 0.01 0.36 0.992
0.28 0.01 0.37 0.991
0.28 0.01 0.37999999999999995 0.989
0.28 0.01 0.39 0.987
0.28 0.01 0.4 0.986
0.28 0.01 0.41000000000000003 0.984
0.28 0.01 0.42 0.981
0.28 0.01 0.43 0.979
0.28 0.01 0.43999999999999995 0.977
0.28 0.01 0.44999999999999996 0.974
0.28 0.01 0.46 0.971
0.28 0.01 0.47000000000000003 0.968
0.28 0.01 0.48 0.965
0.28 0.01 0.49 0.961
0.28 0.01 0.5 0.957
0.28 0.01 0.51 0.954
0.28 0.01 0.52 0.949
0.28 0.01 0.53 0.945
0.28 0.01 0.54 0.94
0.28 0.01 0.55 0.935
0.28 0.01 0.56 0.93
0.28 0.01 0.57 0.925
0.28 0.01 0.58 0.919
0.28 0.01 0.59 0.913
0.28 0.01 0.6 0.907
0.28 0.01 0.61 0.901
0.28 0.01 0.62 0.894
0.28 0.01 0.63 0.887
0.28 0.01 0.64 0.88
0.28 0.01 0.65 0.872
0.28 0.01 0.66 0.864
0.28 0.01 0.67 0.856
0.28 0.01 0.68 0.847
0.28 0.01 0.69 0.838
0.28 0.01 0.7 0.829
0.28 0.01 0.71 0.819
0.28 0.01 0.72 0.809
0.28 0.01 0.7300000000000001 0.798
0.28 0.01 0.74 0.787
0.28 0.01 0.75 0.775
0.28 0.01 0.7599999999999999 0.763
0.28 0.01 0.77 0.751
0.28 0.01 0.78 0.738
0.28 0.01 0.79 0.724
0.28 0.01 0.8 0.71
0.28 0.01 0.81 0.696
0.28 0.01 0.8200000000000001 0.68
0.28 0.01 0.83 0.664
0.28 0.01 0.84 0.647
0.28 0.01 0.85 0.629
0.28 0.01 0.86 0.611
0.28 0.01 0.8700000000000001 0.591
0.28 0.01 0.8799999999999999 0.57
0.28 0.01 0.8899999999999999 0.549
0.28 0.01 0.8999999999999999 0.525
0.28 0.01 0.9100000000000001 0.5
0.28 0.01 0.92 0.474
0.28 0.01 0.93 0.445
0.28 0.01 0.9400000000000001 0.414
0.28 0.01 0.9500000000000001 0.379
0.28 0.01 0.96 0.341
0.28 0.01 0.9699999999999999 0.296
0.28 0.01 0.98 0.243
0.28 0.01 0.99 0.172
0.29 0.01 0.01 1
0.29 0.01 0.02 1
0.29 0.01 0.03 1
0.29 0.01 0.04 1
0.29 0.01 0.05 1
0.29 0.01 0.06 1
0.29 0.01 0.07 1
0.29 0.01 0.08 1
0.29 0.01 0.09 1
0.29 0.01 0.1 1
0.29 0.01 0.10999999999999999 1
0.29 0.01 0.12 1
0.29 0.01 0.13 1
0.29 0.01 0.14 1
0.29 0.01 0.15 1
0.29 0.01 0.16 1
0.29 0.01 0.17 1
0.29 0.01 0.18 1
0.29 0.01 0.18999999999999997 1
0.29 0.01 0.2 1
0.29 0.01 0.21 1
0.29 0.01 0.21999999999999997 1
0.29 0.01 0.23 1
0.29 0.01 0.24 1
0.29 0.01 0.25 1
0.29 0.01 0.26 1
0.29 0.01 0.27 1
0.29 0.01 0.28 0.998
0.29 0.01 0.29 0.998
0.29 0.01 0.3 0.997
0.29 0.01 0.31 0.997
0.29 0.01 0.32 0.996
0.29 0.01 0.33 0.995
0.29 0.01 0.34 0.994
0.29 0.01 0.35 0.993
0.29 0.01 0.36 0.992
0.29 0.01 0.37 0.991
0.29 0.01 0.37999999999999995 0.989
0.29 0.01 0.39 0.987
0.29 0.01 0.4 0.986
0.29 0.01 0.41000000000000003 0.984
0.29 0.01 0.42 0.981
0.29 0.01 0.43 0.979
0.29 0.01 0.43999999999999995 0.977
0.29 0.01 0.44999999999999996 0.974
0.29 0.01 0.46 0.971
0.29 0.01 0.47000000000000003 0.968
0.29 0.01 0.48 0.965
0.29 0.01 0.49 0.961
0.29 0.01 0.5 0.957
0.29 0.01 0.51 0.954
0.29 0.01 0.52 0.949
0.29 0.01 0.53 0.945
0.29 0.01 0.54 0.94
0.29 0.01 0.55 0.935
0.29 0.01 0.56 0.93
0.29 0.01 0.57 0.925
0.29 0.01 0.58 0.919
0.29 0.01 0.59 0.913
0.29 0.01 0.6 0.907
0.29 0.01 0.61 0.901
0.29 0.01 0.62 0.894
0.29 0.01 0.63 0.887
0.29 0.01 0.64 0.88
0.29 0.01 0.65 0.872
0.29 0.01 0.66 0.864
0.29 0.01 0.67 0.856
0.29 0.01 0.68 0.847
0.29 0.01 0.69 0.838
0.29 0.01 0.7 0.829
0.29 0.01 0.71 0.819
0.29 0.01 0.72 0.809
0.29 0.01 0.7300000000000001 0.798
0.29 0.01 0.74 0.787
0.29 0.01 0.75 0.775
0.29 0.01 0.7599999999999999 0.763
0.29 0.01 0.77 0.751
0.29 0.01 0.78 0.738
0.29 0.01 0.79 0.724
0.29 0.01 0.8 0.71
0.29 0.01 0.81 0.696
0.29 0.01 0.8200000000000001 0.68
0.29 0.01 0.83 0.664
0.29 0.01 0.84 0.647
0.29 0.01 0.85 0.629
0.29 0.01 0.86 0.611
0.29 0.01 0.8700000000000001 0.591
0.29 0.01 0.8799999999999999 0.57
0.29 0.01 0.8899999999999999 0.549
0.29 0.01 0.8999999999999999 0.525
0.29 0.01 0.9100000000000001 0.5
0.29 0.01 0.92 0.474
0.29 0.01 0.93 0.445
0.29 0.01 0.9400000000000001 0.414
0.29 0.01 0.9500000000000001 0.379
0.29 0.01 0.96 0.341
0.29 0.01 0.9699999999999999 0.296
0.29 0.01 0.98 0.243
0.29 0.01 0.99 0.172
0.3 0.01 0.01 1
0.3 0.01 0.02 1
0.3 0.01 0.03 1
0.3 0.01 0.04 1
0.3 0.01 0.05 1
0.3 0.01 0.06 1
0.3 0.01 0.07 1
0.3 0.01 0.08 1
0.3 0.01 0.09 1
0.3 0.01 0.1 1
0.3 0.01 0.10999999999999999 1
0.3 0.01 0.12 1
0.3 0.01 0.13 1
0.3 0.01 0.14 1
0.3 0.01 0.15 1
0.3 0.01 0.16 1
0.3 0.01 0.17 1
0.3 0.01 0.18 1
0.3 0.01 0.18999999999999997 1
0.3 0.01 0.2 1
0.3 0.01 0.21 1
0.3 0.01 0.21999999999999997 1
0.3 0.01 0.23 1
0.3 0.01 0.24 1
0.3 0.01 0.25 1
0.3 0.01 0.26 1
0.3 0.01 0.27 1
0.3 0.01 0.28 0.998
0.3 0.01 0.29 0.998
0.3 0.01 0.3 0.997
0.3 0.01 0.31 0.997
0.3 0.01 0.32 0.996
0.3 0.01 0.33 0.995
0.3 0.01 0.34 0.994
0.3 0.01 0.35 0.993
0.3 0.01 0.36 0.992
0.3 0.01 0.37 0.991
0.3 0.01 0.37999999999999995 0.989
0.3 0.01 0.39 0.987
0.3 0.01 0.4 0.986
0.3 0.01 0.41000000000000003 0.984
0.3 0.01 0.42 0.981
0.3 0.01 0.43 0.979
0.3 0.01 0.43999999999999995 0.977
0.3 0.01 0.44999999999999996 0.974
0.3 0.01 0.46 0.971
0.3 0.01 0.47000000000000003 0.968
0.3 0.01 0.48 0.965
0.3 0.01 0.49 0.961
0.3 0.01 0.5 0.957
0.3 0.01 0.51 0.954
0.3 0.01 0.52 0.949
0.3 0.01 0.53 0.945
0.3 0.01 0.54 0.94
0.3 0.01 0.55 0.935
0.3 0.01 0.56 0.93
0.3 0.01 0.57 0.925
0.3 0.01 0.58 0.919
0.3 0.01 0.59 0.913
0.3 0.01 0.6 0.907
0.3 0.01 0.61 0.901
0.3 0.01 0.62 0.894
0.3 0.01 0.63 0.887
0.3 0.01 0.64 0.88
0.3 0.01 0.65 0.872
0.3 0.01 0.66 0.864
0.3 0.01 0.67 0.856
0.3 0.01 0.68 0.847
0.3 0.01 0.69 0.838
0.3 0.01 0.7 0.829
0.3 0.01 0.71 0.819
0.3 0.01 0.72 0.809
0.3 0.01 0.7300000000000001 0.798
0.3 0.01 0.74 0.787
0.3 0.01 0.75 0.775
0.3 0.01 0.7599999999999999 0.763
0.3 0.01 0.77 0.751
0.3 0.01 0.78 0.738
0.3 0.01 0.79 0.724
0.3 0.01 0.8 0.71
0.3 0.01 0.81 0.696
0.3 0.01 0.8200000000000001 0.68
0.3 0.01 0.83 0.664
0.3 0.01 0.84 0.647
0.3 0.01 0.85 0.629
0.3 0.01 0.86 0.611
0.3 0.01 0.8700000000000001 0.591
0.3 0.01 0.8799999999999999 0.57
0.3 0.01 0.8899999999999999 0.549
0.3 0.01 0.8999999999999999 0.525
0.3 0.01 0.9100000000000001 0.5
0.3 0.01 0.92 0.474
0.3 0.01 0.93 0.445
0.3 0.01 0.9400000000000001 0.414
0.3 0.01 0.9500000000000001 0.379
0.3 0.01 0.96 0.341
0.3 0.01 0.9699999999999999 0.296
0.3 0.01 0.98 0.243
0.3 0.01 0.99 0.172
0.31 0.01 0.01 1
0.31 0.01 0.02 1
0.31 0.01 0.03 1
0.31 0.01 0.04 1
0.31 0.01 0.05 1
0.31 0.01 0.06 1
0.31 0.01 0.07 1
0.31 0.01 0.08 1
0.31 0.01 0.09 1
0.31 0.01 0.1 1
0.31 0.01 0.10999999999999999 1
0.31 0.01 0.12 1
0.31 0.01 0.13 1
0.31 0.01 0.14 1
0.31 0.01 0.15 1
0.31 0.01 0.16 1
0.31 0.01 0.17 1
0.31 0.01 0.18 1
0.31 0.01 0.18999999999999997 1
0.31 0.01 0.2 1
0.31 0.01 0.21 1
0.31 0.01 0.21999999999999997 1
0.31 0.01 0.23 1
0.31 0.01 0.24 1
0.31 0.01 0.25 1
0.31 0.01 0.26 1
0.31 0.01 0.27 1
0.31 0.01 0.28 0.998
0.31 0.01 0.29 0.998
0.31 0.01 0.3 0.997
0.31 0.01 0.31 0.997
0.31 0.01 0.32 0.996
0.31 0.01 0.33 0.995
0.31 0.01 0.34 0.994
0.31 0.01 0.35 0.993
0.31 0.01 0.36 0.992
0.31 0.01 0.37 0.991
0.31 0.01 0.37999999999999995 0.989
0.31 0.01 0.39 0.987
0.31 0.01 0.4 0.986
0.31 0.01 0.41000000000000003 0.984
0.31 0.01 0.42 0.981
0.31 0.01 0.43 0.979
0.31 0.01 0.43999999999999995 0.977
0.31 0.01 0.44999999999999996 0.974
0.31 0.01 0.46 0.971
0.31 0.01 0.47000000000000003 0.968
0.31 0.01 0.48 0.965
0.31 0.01 0.49 0.961
0.31 0.01 0.5 0.957
0.31 0.01 0.51 0.954
0.31 0.01 0.52 0.949
0.31 0.01 0.53 0.945
0.31 0.01 0.54 0.94
0.31 0.01 0.55 0.935
0.31 0.01 0.56 0.93
0.31 0.01 0.57 0.925
0.31 0.01 0.58 0.919
0.31 0.01 0.59 0.913
0.31 0.01 0.6 0.907
0.31 0.01 0.61 0.901
0.31 0.01 0.62 0.894
0.31 0.01 0.63 0.887
0.31 0.01 0.64 0.88
0.31 0.01 0.65 0.872
0.31 0.01 0.66 0.864
0.31 0.01 0.67 0.856
0.31 0.01 0.68 0.847
0.31 0.01 0.69 0.838
0.31 0.01 0.7 0.829
0.31 0.01 0.71 0.819
0.31 0.01 0.72 0.809
0.31 0.01 0.7300000000000001 0.798
0.31 0.01 0.74 0.787
0.31 0.01 0.75 0.775
0.31 0.01 0.7599999999999999 0.763
0.31 0.01 0.77 0.751
0.31 0.01 0.78 0.738
0.31 0.01 0.79 0.724
0.31 0.01 0.8 0.71
0.31 0.01 0.81 0.696
0.31 0.01 0.8200000000000001 0.68
0.31 0.01 0.83 0.664
0.31 0.01 0.84 0.647
0.31 0.01 0.85 0.629
0.31 0.01 0.86 0.611
0.31 0.01 0.8700000000000001 0.591
0.31 0.01 0.8799999999999999 0.57
0.31 0.01 0.8899999999999999 0.549
0.31 0.01 0.8999999999999999 0.525
0.31 0.01 0.9100000000000001 0.5
0.31 0.01 0.92 0.474
0.31 0.01 0.93 0.445
0.31 0.01 0.9400000000000001 0.414
0.31 0.01 0.9500000000000001 0.379
0.31 0.01 0.96 0.341
0.31 0.01 0.9699999999999999 0.296
0.31 0.01 0.98 0.243
0.31 0.01 0.99 0.172
0.32 0.01 0.01 1
0.32 0.01 0.02 1
0.32 0.01 0.03 1
0.32 0.01 0.04 1
0.32 0.01 0.05 1
0.32 0.01 0.06 1
0.32 0.01 0.07 1
0.32 0.01 0.08 1
0.32 0.01 0.09 1
0.32 0.01 0.1 1
0.32 0.01 0.10999999999999999 1
0.32 0.01 0.12 1
0.32 0.01 0.13 1
0.32 0.01 0.14 1
0.32 0.01 0.15 1
0.32 0.01 0.16 1
0.32 0.01 0.17 1
0.32 0.01 0.18 1
0.32 0.01 0.18999999999999997 1
0.32 0.01 0.2 1
0.32 0.01 0.21 1
0.32 0.01 0.21999999999999997 1
0.32 0.01 0.23 1
0.32 0.01 0.24 1
0.32 0.01 0.25 1
0.32 0.01 0.26 1
0.32 0.01 0.27 1
0.32 0.01 0.28 0.998
0.32 0.01 0.29 0.998
0.32 0.01 0.3 0.997
0.32 0.01 0.31 0.997
0.32 0.01 0.32 0.996
0.32 0.01 0.33 0.995
0.32 0.01 0.34 0.994
0.32 0.01 0.35 0.993
0.32 0.01 0.36 0.992
0.32 0.01 0.37 0.991
0.32 0.01 0.37999999999999995 0.989
0.32 0.01 0.39 0.987
0.32 0.01 0.4 0.986
0.32 0.01 0.41000000000000003 0.984
0.32 0.01 0.42 0.981
0.32 0.01 0.43 0.979
0.32 0.01 0.43999999999999995 0.977
0.32 0.01 0.44999999999999996 0.974
0.32 0.01 0.46 0.971
0.32 0.01 0.47000000000000003 0.968
0.32 0.01 0.48 0.965
0.32 0.01 0.49 0.961
0.32 0.01 0.5 0.957
0.32 0.01 0.51 0.954
0.32 0.01 0.52 0.949
0.32 0.01 0.53 0.945
0.32 0.01 0.54 0.94
0.32 0.01 0.55 0.935
0.32 0.01 0.56 0.93
0.32 0.01 0.57 0.925
0.32 0.01 0.58 0.919
0.32 0.01 0.59 0.913
0.32 0.01 0.6 0.907
0.32 0.01 0.61 0.901
0.32 0.01 0.62 0.894
0.32 0.01 0.63 0.887
0.32 0.01 0.64 0.88
0.32 0.01 0.65 0.872
0.32 0.01 0.66 0.864
0.32 0.01 0.67 0.856
0.32 0.01 0.68 0.847
0.32 0.01 0.69 0.838
0.32 0.01 0.7 0.829
0.32 0.01 0.71 0.819
0.32 0.01 0.72 0.809
0.32 0.01 0.7300000000000001 0.798
0.32 0.01 0.74 0.787
0.32 0.01 0.75 0.775
0.32 0.01 0.7599999999999999 0.763
0.32 0.01 0.77 0.751
0.32 0.01 0.78 0.738
0.32 0.01 0.79 0.724
0.32 0.01 0.8 0.71
0.32 0.01 0.81 0.696
0.32 0.01 0.8200000000000001 0.68
0.32 0.01 0.83 0.664
0.32 0.01 0.84 0.647
0.32 0.01 0.85 0.629
0.32 0.01 0.86 0.611
0.32 0.01 0.8700000000000001 0.591
0.32 0.01 0.8799999999999999 0.57
0.32 0.01 0.8899999999999999 0.549
0.32 0.01 0.8999999999999999 0.525
0.32 0.01 0.9100000000000001 0.5
0.32 0.01 0.92 0.474
0.32 0.01 0.93 0.445
0.32 0.01 0.9400000000000001 0.414
0.32 0.01 0.9500000000000001 0.379
0.32 0.01 0.96 0.341
0.32 0.01 0.9699999999999999 0.296
0.32 0.01 0.98 0.243
0.32 0.01 0.99 0.172
0.33 0.01 0.01 1
0.33 0.01 0.02 1
0.33 0.01 0.03 1
0.33 0.01 0.04 1
0.33 0.01 0.05 1
0.33 0.01 0.06 1
0.33 0.01 0.07 1
0.33 0.01 0.08 1
0.33 0.01 0.09 1
0.33 0.01 0.1 1
0.33 0.01 0.10999999999999999 1
0.33 0.01 0.12 1
0.33 0.01 0.13 1
0.33 0.01 0.14 1
0.33 0.01 0.15 1
0.33 0.01 0.16 1
0.33 0.01 0.17 1
0.33 0.01 0.18 1
0.33 0.01 0.18999999999999997 1
0.33 0.01 0.2 1
0.33 0.01 0.21 1
0.33 0.01 0.21999999999999997 1
0.33 0.01 0.23 1
0.33 0.01 0.24 1
0.33 0.01 0.25 1
0.33 0.01 0.26 1
0.33 0.01 0.27 1
0.33 0.01 0.28 0.998
0.33 0.01 0.29 0.998
0.33 0.01 0.3 0.997
0.33 0.01 0.31 0.997
0.33 0.01 0.32 0.996
0.33 0.01 0.33 0.995
0.33 0.01 0.34 0.994
0.33 0.01 0.35 0.993
0.33 0.01 0.36 0.992
0.33 0.01 0.37 0.991
0.33 0.01 0.37999999999999995 0.989
0.33 0.01 0.39 0.987
0.33 0.01 0.4 0.986
0.33 0.01 0.41000000000000003 0.984
0.33 0.01 0.42 0.981
0.33 0.01 0.43 0.979
0.33 0.01 0.43999999999999995 0.977
0.33 0.01 0.44999999999999996 0.974
0.33 0.01 0.46 0.971
0.33 0.01 0.47000000000000003 0.968
0.33 0.01 0.48 0.965
0.33 0.01 0.49 0.961
0.33 0.01 0.5 0.957
0.33 0.01 0.51 0.954
0.33 0.01 0.52 0.949
0.33 0.01 0.53 0.945
0.33 0.01 0.54 0.94
0.33 0.01 0.55 0.935
0.33 0.01 0.56 0.93
0.33 0.01 0.57 0.925
0.33 0.01 0.58 0.919
0.33 0.01 0.59 0.913
0.33 0.01 0.6 0.907
0.33 0.01 0.61 0.901
0.33 0.01 0.62 0.894
0.33 0.01 0.63 0.887
0.33 0.01 0.64 0.88
0.33 0.01 0.65 0.872
0.33 0.01 0.66 0.864
0.33 0.01 0.67 0.856
0.33 0.01 0.68 0.847
0.33 0.01 0.69 0.838
0.33 0.01 0.7 0.829
0.33 0.01 0.71 0.819
0.33 0.01 0.72 0.809
0.33 0.01 0.7300000000000001 0.798
0.33 0.01 0.74 0.787
0.33 0.01 0.75 0.775
0.33 0.01 0.7599999999999999 0.763
0.33 0.01 0.77 0.751
0.33 0.01 0.78 0.738
0.33 0.01 0.79 0.724
0.33 0.01 0.8 0.71
0.33 0.01 0.81 0.696
0.33 0.01 0.8200000000000001 0.68
0.33 0.01 0.83 0.664
0.33 0.01 0.84 0.647
0.33 0.01 0.85 0.629
0.33 0.01 0.86 0.611
0.33 0.01 0.8700000000000001 0.591
0.33 0.01 0.8799999999999999 0.57
0.33 0.01 0.8899999999999999 0.549
0.33 0.01 0.8999999999999999 0.525
0.33 0.01 0.9100000000000001 0.5
0.33 0.01 0.92 0.474
0.33 0.01 0.93 0.445
0.33 0.01 0.9400000000000001 0.414
0.33 0.01 0.9500000000000001 0.379
0.33 0.01 0.96 0.341
0.33 0.01 0.9699999999999999 0.296
0.33 0.01 0.98 0.243
0.33 0.01 0.99 0.172
0.34 0.01 0.01 1
0.34 0.01 0.02 1
0.34 0.01 0.03 1
0.34 0.01 0.04 1
0.34 0.01 0.05 1
0.34 0.01 0.06 1
0.34 0.01 0.07 1
0.34 0.01 0.08 1
0.34 0.01 0.09 1
0.34 0.01 0.1 1
0.34 0.01 0.10999999999999999 1
0.34 0.01 0.12 1
0.34 0.01 0.13 1
0.34 0.01 0.14 1
0.34 0.01 0.15 1
0.34 0.01 0.16 1
0.34 0.01 0.17 1
0.34 0.01 0.18 1
0.34 0.01 0.18999999999999997 1
0.34 0.01 0.2 1
0.34 0.01 0.21 1
0.34 0.01 0.21999999999999997 1
0.34 0.01 0.23 1
0.34 0.01 0.24 1
0.34 0.01 0.25 1
0.34 0.01 0.26 1
0.34 0.01 0.27 1
0.34 0.01 0.28 0.998
0.34 0.01 0.29 0.998
0.34 0.01 0.3 0.997
0.34 0.01 0.31 0.997
0.34 0.01 0.32 0.996
0.34 0.01 0.33 0.995
0.34 0.01 0.34 0.994
0.34 0.01 0.35 0.993
0.34 0.01 0.36 0.992
0.34 0.01 0.37 0.991
0.34 0.01 0.37999999999999995 0.989
0.34 0.01 0.39 0.987
0.34 0.01 0.4 0.986
0.34 0.01 0.41000000000000003 0.984
0.34 0.01 0.42 0.981
0.34 0.01 0.43 0.979
0.34 0.01 0.43999999999999995 0.977
0.34 0.01 0.44999999999999996 0.974
0.34 0.01 0.46 0.971
0.34 0.01 0.47000000000000003 0.968
0.34 0.01 0.48 0.965
0.34 0.01 0.49 0.961
0.34 0.01 0.5 0.957
0.34 0.01 0.51 0.954
0.34 0.01 0.52 0.949
0.34 0.01 0.53 0.945
0.34 0.01 0.54 0.94
0.34 0.01 0.55 0.935
0.34 0.01 0.56 0.93
0.34 0.01 0.57 0.925
0.34 0.01 0.58 0.919
0.34 0.01 0.59 0.913
0.34 0.01 0.6 0.907
0.34 0.01 0.61 0.901
0.34 0.01 0.62 0.894
0.34 0.01 0.63 0.887
0.34 0.01 0.64 0.88
0.34 0.01 0.65 0.872
0.34 0.01 0.66 0.864
0.34 0.01 0.67 0.856
0.34 0.01 0.68 0.847
0.34 0.01 0.69 0.838
0.34 0.01 0.7 0.829
0.34 0.01 0.71 0.819
0.34 0.01 0.72 0.809
0.34 0.01 0.7300000000000001 0.798
0.34 0.01 0.74 0.787
0.34 0.01 0.75 0.775
0.34 0.01 0.7599999999999999 0.763
0.34 0.01 0.77 0.751
0.34 0.01 0.78 0.738
0.34 0.01 0.79 0.724
0.34 0.01 0.8 0.71
0.34 0.01 0.81 0.696
0.34 0.01 0.8200000000000001 0.68
0.34 0.01 0.83 0.664
0.34 0.01 0.84 0.647
0.34 0.01 0.85 0.629
0.34 0.01 0.86 0.611
0.34 0.01 0.8700000000000001 0.591
0.34 0.01 0.8799999999999999 0.57
0.34 0.01 0.8899999999999999 0.549
0.34 0.01 0.8999999999999999 0.525
0.34 0.01 0.9100000000000001 0.5
0.34 0.01 0.92 0.474
0.34 0.01 0.93 0.445
0.34 0.01 0.9400000000000001 0.414
0.34 0.01 0.9500000000000001 0.379
0.34 0.01 0.96 0.341
0.34 0.01 0.9699999999999999 0.296
0.34 0.01 0.98 0.243
0.34 0.01 0.99 0.172
0.35 0.01 0.01 1
0.35 0.01 0.02 1
0.35 0.01 0.03 1
0.35 0.01 0.04 1
0.35 0.01 0.05 1
0.35 0.01 0.06 1
0.35 0.01 0.07 1
0.35 0.01 0.08 1
0.35 0.01 0.09 1
0.35 0.01 0.1 1
0.35 0.01 0.10999999999999999 1
0.35 0.01 0.12 1
0.35 0.01 0.13 1
0.35 0.01 0.14 1
0.35 0.01 0.15 1
0.35 0.01 0.16 1
0.35 0.01 0.17 1
0.35 0.01 0.18 1
0.35 0.01 0.18999999999999997 1
0.35 0.01 0.2 1
0.35 0.01 0.21 1
0.35 0.01 0.21999999999999997 1
0.35 0.01 0.23 1
0.35 0.01 0.24 1
0.35 0.01 0.25 1
0.35 0.01 0.26 1
0.35 0.01 0.27 1
0.35 0.01 0.28 0.998
0.35 0.01 0.29 0.998
0.35 0.01 0.3 0.997
0.35 0.01 0.31 0.997
0.35 0.01 0.32 0.996
0.35 0.01 0.33 0.995
0.35 0.01 0.34 0.994
0.35 0.01 0.35 0.993
0.35 0.01 0.36 0.992
0.35 0.01 0.37 0.991
0.35 0.01 0.37999999999999995 0.989
0.35 0.01 0.39 0.987
0.35 0.01 0.4 0.986
0.35 0.01 0.41000000000000003 0.984
0.35 0.01 0.42 0.981
0.35 0.01 0.43 0.979
0.35 0.01 0.43999999999999995 0.977
0.35 0.01 0.44999999999999996 0.974
0.35 0.01 0.46 0.971
0.35 0.01 0.47000000000000003 0.968
0.35 0.01 0.48 0.965
0.35 0.01 0.49 0.961
0.35 0.01 0.5 0.957
0.35 0.01 0.51 0.954
0.35 0.01 0.52 0.949
0.35 0.01 0.53 0.945
0.35 0.01 0.54 0.94
0.35 0.01 0.55 0.935
0.35 0.01 0.56 0.93
0.35 0.01 0.57 0.925
0.35 0.01 0.58 0.919
0.35 0.01 0.59 0.913
0.35 0.01 0.6 0.907
0.35 0.01 0.61 0.901
0.35 0.01 0.62 0.894
0.35 0.01 0.63 0.887
0.35 0.01 0.64 0.88
0.35 0.01 0.65 0.872
