3.846153846153846 1 0.0
3.7037037037037033 1 0.0
3.571428571428571 0.998 0.0292697794581
3.4482758620689657 0.998 0.0282329301616
3.3333333333333335 0.997 0.0350675472191
3.2258064516129035 0.996 0.0412670676581
3.125 0.996 0.0399275502269
3.0303030303030303 0.995 0.0455133879506
2.941176470588235 0.994 0.0507396620706
2.857142857142857 0.993 0.0556580149611
2.7777777777777777 0.991 0.0666214047123
2.7027027027027026 0.99 0.0403997548008
2.6315789473684212 0.988 0.0810087859907
2.564102564102564 0.987 0.0554155193783
2.5 0.985 0.0941573061429
2.4390243902439024 0.983 0.0746497762346
2.380952380952381 0.98 0.117785516384
2.3255813953488373 0.978 0.126158940988
2.272727272727273 0.975 0.139959149507
2.2222222222222223 0.973 0.147696190029
2.1739130434782608 0.97 0.16080763063
2.127659574468085 0.966 0.179253514587
2.0833333333333335 0.963 0.191687007959
2.0408163265306123 0.959 0.209478867438
2.0 0.956 0.221266373308
1.9607843137254901 0.952 0.238425749946
1.923076923076923 0.947 0.26102014545
1.8867924528301885 0.943 0.277596992978
1.8518518518518516 0.938 0.299683955965
1.8181818181818181 0.933 0.321540051645
1.7857142857142856 0.928 0.343159351158
1.7543859649122808 0.922 0.370546859978
1.7241379310344829 0.916 0.397825111608
1.6949152542372883 0.91 0.424979911124
1.6666666666666667 0.904 0.421057601269
1.639344262295082 0.898 0.447504216699
1.6129032258064517 0.891 0.512054784075
1.5873015873015872 0.883 0.551943462437
1.5625 0.876 0.551801442399
1.5384615384615383 0.868 0.591234329661
1.5151515151515151 0.86 0.666119468462
1.4925373134328357 0.851 0.714242301608
1.4705882352941175 0.843 0.755346832503
1.4492753623188408 0.833 0.812189179635
1.4285714285714286 0.824 0.861934668
1.4084507042253522 0.814 0.92048055683
1.3888888888888888 0.803 0.988657455407
1.36986301369863 0.793 1.00498044581
1.3513513513513513 0.781 1.0830989246
1.3333333333333333 0.77 1.15389380587
1.3157894736842106 0.757 1.29691376448
1.2987012987012987 0.745 1.38386244728
1.282051282051282 0.731 1.49582603371
1.2658227848101264 0.718 1.54042227889
1.25 0.703 1.66934773325
1.2345679012345678 0.688 1.87186062735
1.2195121951219512 0.672 1.95864351373
1.2048192771084338 0.656 2.12095973522
1.1904761904761905 0.638 2.40950875302
1.1764705882352942 0.62 2.63333035746
1.1627906976744187 0.601 2.78964708444
1.1494252873563218 0.581 3.0781250459
1.1363636363636365 0.56 3.5393863824
1.1235955056179776 0.537 3.97497662035
1.1111111111111112 0.513 4.32381894683
1.0989010989010988 0.488 4.90701025932
1.0869565217391304 0.46 5.91836210783
1.075268817204301 0.43 6.69513085894
1.0638297872340425 0.397 8.07562786859
1.0526315789473684 0.361 10.486572645
1.0416666666666667 0.319 13.180600268
1.0309278350515465 0.271 19.7976137603
1.0204081632653061 0.211 33.7440643637
1.0101010101010102 0.122 94.0644058974
1.0 0.0 200.00076697
0.9900990099009901 0.0 66.8860295406
0.9803921568627451 0.0 40.1564644587
0.970873786407767 0.0 28.6900335313
0.9615384615384615 0.0 22.3169776644
0.9523809523809523 0.0 18.2603572685
0.9433962264150942 0.0 15.4514599843
0.9345794392523364 0.0 13.3913629761
0.9259259259259258 0.0 11.8158614245
0.9174311926605504 0.0 10.5719653116
0.9090909090909091 0.0 9.56495263061
0.9009009009009008 0.0 8.73304098686
0.8928571428571428 0.0 8.03421439499
0.8849557522123894 0.0 7.4389037446
0.8771929824561404 0.0 6.9256955165
0.8695652173913044 0.0 6.47870137143
0.8620689655172414 0.0 6.08588410778
0.8547008547008548 0.0 5.7379574936
0.8474576271186441 0.0 5.42764286195
0.8403361344537815 0.0 5.1491544167
0.8333333333333334 0.0 4.89783516219
0.8264462809917356 0.0 4.66989442179
0.819672131147541 0.0 4.46221534411
0.8130081300813008 0.0 4.27221155098
0.8064516129032259 0.0 4.09771888871
0.8 0.0 3.93691264698
0.7936507936507936 0.0 3.78824351898
0.7874015748031495 0.0 3.65038753246
0.78125 0.0 3.52220652086
0.7751937984496123 0.0 3.40271663341
0.7692307692307692 0.0 3.29106303947
0.7633587786259541 0.0 3.18649945078
0.7575757575757576 0.0 3.08837142383
0.7518796992481203 0.0 2.99610265272
0.7462686567164178 0.0 2.90918364563
0.7407407407407407 0.0 2.82716231504
0.7352941176470588 0.0 2.74963611462
0.7299270072992701 0.0 2.67624543418
0.7246376811594204 0.0 2.60666802383
0.7194244604316548 0.0 2.54061426517
0.7142857142857143 0.0 2.47782314289
0.7092198581560284 0.0 2.41805879885
0.7042253521126761 0.0 2.36110757251
0.6993006993006994 0.0 2.30677544965
0.6944444444444444 0.0 2.25488585504
0.6896551724137931 0.0 2.20527773609
0.684931506849315 0.0 2.1578038939
0.6802721088435374 0.0 2.11232952499
0.6756756756756757 0.0 2.06873094352
0.6711409395973155 0.0 2.02689445829
0.6666666666666666 0.0 1.98671538323
0.6622516556291391 0.0 1.94809716315
0.6578947368421053 0.0 1.91095059943
0.6535947712418301 0.0 1.87519316242
0.6493506493506493 0.0 1.84074837975
0.6451612903225806 0.0 1.80754529053
0.641025641025641 0.0 1.7755179577
0.6369426751592356 0.0 1.74460503117
0.6329113924050632 0.0 1.71474935573
0.6289308176100629 0.0 1.68589761862
0.625 0.0 1.65800003196
0.6211180124223602 0.0 1.63101004612
0.6172839506172839 0.0 1.60488409076
0.6134969325153374 0.0 1.57958134015
0.6097560975609756 0.0 1.5550635005
0.6060606060606061 0.0 1.53129461661
0.6024096385542169 0.0 1.50824089608
0.5988023952095809 0.0 1.48587054911
0.5952380952380952 0.0 1.4641536423
0.591715976331361 0.0 1.44306196508
0.5882352941176471 0.0 1.42256890759
0.5847953216374269 0.0 1.40264934869
0.5813953488372093 0.0 1.3832795533
0.5780346820809249 0.0 1.36443707811
0.5747126436781609 0.0 1.3461006849
0.5714285714285714 0.0 1.3282502607
0.5681818181818182 0.0 1.31086674428
0.5649717514124294 0.0 1.29393205827
0.5617977528089888 0.0 1.2774290465
0.5586592178770949 0.0 1.26134141607
0.5555555555555556 0.0 1.24565368373
0.5524861878453039 0.0 1.23035112618
0.5494505494505494 0.0 1.21541973405
0.5464480874316939 0.0 1.20084616912
0.5434782608695652 0.0 1.18661772463
0.5405405405405405 0.0 1.17272228833
0.5376344086021505 0.0 1.15914830814
0.53475935828877 0.0 1.14588476009
0.5319148936170213 0.0 1.13292111856
0.5291005291005292 0.0 1.12024732835
0.5263157894736842 0.0 1.10785377877
0.5235602094240838 0.0 1.09573127929
0.5208333333333334 0.0 1.08387103685
0.5181347150259068 0.0 1.07226463464
0.5154639175257733 0.0 1.06090401209
0.5128205128205129 0.0 1.04978144635
0.5102040816326531 0.0 1.03888953469
0.5076142131979695 0.0 1.02822117812
0.5050505050505051 0.0 1.01776956598
0.5025125628140703 0.0 1.00752816143
0.5 0.0 0.997490687842
0.49751243781094534 0.0 0.987651115972
0.49504950495049505 0.0 0.978003651889
0.4926108374384237 0.0 0.968542725625
0.49019607843137253 0.0 0.959262980437
0.48780487804878053 0.0 0.950159262704
0.4854368932038835 0.0 0.941226612415
0.48309178743961356 0.0 0.932460254119
0.4807692307692307 0.0 0.923855588466
0.47846889952153115 0.0 0.915408184133
0.47619047619047616 0.0 0.907113770235
0.47393364928909953 0.0 0.898968229124
0.4716981132075471 0.0 0.890967589578
0.4694835680751174 0.0 0.88310802036
0.4672897196261682 0.0 0.875385824092
0.46511627906976744 0.0 0.867797431462
0.4629629629629629 0.0 0.860339395738
0.4608294930875576 0.0 0.853008387535
0.4587155963302752 0.0 0.845801189876
0.4566210045662101 0.0 0.838714693487
0.45454545454545453 0.0 0.831745892313
0.45248868778280543 0.0 0.824891879295
0.4504504504504504 0.0 0.818149842312
0.4484304932735426 0.0 0.811517060332
0.4464285714285714 0.0 0.804990899772
0.4444444444444444 0.0 0.798568811001
0.4424778761061947 0.0 0.792248325019
0.44052863436123346 0.0 0.786027050307
0.4385964912280702 0.0 0.7799026698
0.4366812227074236 0.0 0.77387293802
0.4347826086956522 0.0 0.767935678325
0.4329004329004329 0.0 0.762088780301
0.4310344827586207 0.0 0.756330197253
0.4291845493562232 0.0 0.750657943828
0.4273504273504274 0.0 0.745070093722
0.425531914893617 0.0 0.739564777517
0.42372881355932207 0.0 0.734140180577
0.42194092827004215 0.0 0.728794541079
0.42016806722689076 0.0 0.723526148086
0.41841004184100417 0.0 0.718333339729
0.4166666666666667 0.0 0.713214501471
0.41493775933609955 0.0 0.708168064421
0.4132231404958678 0.0 0.703192503733
0.4115226337448559 0.0 0.698286337081
0.4098360655737705 0.0 0.693448123179
0.4081632653061224 0.0 0.688676460374
0.4065040650406504 0.0 0.683969985291
0.4048582995951417 0.0 0.679327371537
0.40322580645161293 0.0 0.674747328457
0.4016064257028112 0.0 0.670228599932
0.4 0.0 0.665769963246
0.39840637450199207 0.0 0.661370227959
0.3968253968253968 0.0 0.657028234876
0.3952569169960475 0.0 0.652742855012
0.39370078740157477 0.0 0.648512988617
0.3921568627450981 0.0 0.644337564242
0.390625 0.0 0.640215537822
0.38910505836575876 0.0 0.636145891822
0.38759689922480617 0.0 0.632127634393
0.3861003861003861 0.0 0.628159798558
0.3846153846153846 0.0 0.624241441455
0.3831417624521073 0.0 0.620371643577
0.38167938931297707 0.0 0.616549508054
0.3802281368821293 0.0 0.612774159966
0.3787878787878788 0.0 0.609044745675
0.37735849056603776 0.0 0.60536043218
0.37593984962406013 0.0 0.601720406491
0.37453183520599254 0.0 0.598123875048
0.3731343283582089 0.0 0.594570063127
0.3717472118959108 0.0 0.591058214293
0.37037037037037035 0.0 0.587587589862
0.36900369003690037 0.0 0.584157468386
0.3676470588235294 0.0 0.580767145149
0.3663003663003663 0.0 0.577415931689
0.36496350364963503 0.0 0.574103155323
0.36363636363636365 0.0 0.570828158712
0.3623188405797102 0.0 0.567590299415
0.36101083032490977 0.0 0.564388949472
0.3597122302158274 0.0 0.561223494998
0.35842293906810035 0.0 0.558093335797
0.35714285714285715 0.0 0.554997884972
0.35587188612099646 0.0 0.551936568569
0.3546099290780142 0.0 0.548908825211
0.35335689045936397 0.0 0.545914105766
0.35211267605633806 0.0 0.542951873013
0.3508771929824561 0.0 0.540021601315
0.3496503496503497 0.0 0.537122776311
0.3484320557491289 0.0 0.53425489462
0.3472222222222222 0.0 0.531417463545
0.3460207612456747 0.0 0.52861000079
0.3448275862068966 0.0 0.52583203419
0.3436426116838488 0.0 0.52308310145
0.3424657534246575 0.0 0.520362749876
0.341296928327645 0.0 0.51767053614
0.3401360544217687 0.0 0.515006026033
0.3389830508474576 0.0 0.512368794232
0.33783783783783783 0.0 0.509758424079
0.33670033670033667 0.0 0.507174507347
0.33557046979865773 0.0 0.504616644051
0.33444816053511706 0.0 0.502084442218
0.3333333333333333 0.0 0.499577517704
