0.01 1 nan
0.02 1 nan
0.03 1 nan
0.04 1 0.136653724267
0.05 1 nan
0.06 1 nan
0.07 1 nan
0.08 1 nan
0.09 1 nan
0.1 1 nan
0.10999999999999999 1 nan
0.12 1 nan
0.13 1 nan
0.14 1 nan
0.15 1 nan
0.16 1 0.00302590796539
0.17 0.998 0.0490618475027
0.18 0.997 nan
0.18999999999999997 0.996 0.0689494465261
0.2 0.995 0.0771379923673
0.21 0.993 0.0959231873028
0.21999999999999997 0.991 0.113228963664
0.23 0.989 0.129289735308
0.24 0.987 0.0928205536082
0.25 0.984 0.168757184538
0.26 0.981 0.192057898352
0.27 0.977 0.224741338884
0.28 0.973 0.256332327287
0.29 0.969 0.286854560768
0.3 0.964 0.327107867296
0.31 0.959 0.366499662464
0.32 0.953 0.41623191838
0.33 0.947 0.465437037662
0.34 0.941 0.514028478284
0.35 0.934 0.574084727221
0.36 0.926 0.646662051494
0.37 0.918 0.655293594259
0.37999999999999995 0.909 0.739338799933
0.39 0.9 0.896073690258
0.4 0.89 1.0015047268
0.41000000000000003 0.879 1.04494372541
0.42 0.867 1.27241624231
0.43 0.855 1.33064155784
0.43999999999999995 0.842 1.60483157483
0.44999999999999996 0.827 1.72520276902
0.46 0.812 2.0922387891
0.47000000000000003 0.795 2.42081268844
0.48 0.777 2.81440376947
0.49 0.757 3.32968272858
0.5 0.734 4.06238513743
0.51 0.0 12.6125314885
0.52 0.0 13.7574100981
0.53 0.0 14.910189898
0.54 0.0 16.0402654304
0.55 0.0 17.1120611227
0.56 0.0 18.0873335697
0.57 0.0 18.9284775359
0.58 0.0 19.6024099031
0.59 0.0 20.0843271469
0.6 0.0 20.3605341195
0.61 0.0 20.429709622
0.62 0.0 20.3023705727
0.63 0.0 19.9987668061
0.64 0.0 19.5457945561
0.65 0.0 18.9736414879
0.66 0.0 18.3127733865
0.67 0.0 17.5916367034
0.68 0.0 16.8351975465
0.69 0.0 16.0642460351
0.7 0.0 15.2952924359
0.71 0.0 14.5408558303
0.72 0.0 13.8099687604
0.7300000000000001 0.0 13.1087647977
0.74 0.0 12.4410614361
0.75 0.0 11.8088885446
0.7599999999999999 0.0 11.2129399294
0.77 0.0 10.6529430881
0.78 0.0 10.1279521989
0.79 0.0 9.6365741283
0.8 0.0 9.17713872946
0.81 0.0 8.74782436581
0.8200000000000001 0.0 8.34674836964
0.83 0.0 7.97203060345
0.84 0.0 7.62183674689
0.85 0.0 7.29440654098
0.86 0.0 6.98807104097
0.8700000000000001 0.0 6.70126196511
0.8799999999999999 0.0 6.43251546109
0.8899999999999999 0.0 6.18047201599
0.8999999999999999 0.0 5.94387378222
0.9100000000000001 0.0 5.72156023971
0.92 0.0 5.51246286225
0.93 0.0 5.31559925714
0.9400000000000001 0.0 5.13006710768
0.9500000000000001 0.0 4.95503814375
0.96 0.0 4.78975228764
0.9699999999999999 0.0 4.63351207136
0.98 0.0 4.48567737874
0.99 0.0 4.34566054158
1.0 0.0 4.21292179799
1.01 0.0 4.08696510918
1.02 0.0 3.9673343231
1.03 0.0 3.8536096663
1.04 0.0 3.74540454452
1.05 0.0 3.64236262964
1.06 0.0 3.54415521124
1.07 0.0 3.4504787906
1.08 0.0 3.36105289631
1.09 0.0 3.27561810189
1.1 0.0 3.19393422704
1.11 0.0 3.11577870539
1.12 0.0 3.04094510237
1.13 0.0 2.96924177042
1.14 0.0 2.9004906266
1.15 0.0 2.83452604248
1.16 0.0 2.77119383394
1.17 0.0 2.71035034254
1.18 0.0 2.65186159895
1.19 0.0 2.59560256053
1.2 0.0 2.54145641637
1.21 0.0 2.48931395286
1.22 0.0 2.43907297455
1.23 0.0 2.39063777438
1.24 0.0 2.34391864957
1.25 0.0 2.29883145805
1.26 0.0 2.25529721208
1.27 0.0 2.21324170567
1.28 0.0 2.17259517254
1.29 0.0 2.13329197188
1.3 0.0 2.09527029954
1.31 0.0 2.05847192228
1.32 0.0 2.02284193295
1.33 0.0 1.98832852493
1.34 0.0 1.95488278403
1.35 0.0 1.92245849648
1.36 0.0 1.89101197139
1.37 0.0 1.86050187673
1.38 0.0 1.83088908742
1.39 0.0 1.80213654485
1.4 0.0 1.77420912649
1.41 0.0 1.74707352509
1.42 0.0 1.72069813647
1.43 0.0 1.69505295545
1.44 0.0 1.67010947895
1.45 0.0 1.64584061593
1.4600000000000002 0.0 1.62222060357
1.47 0.0 1.59922492927
1.48 0.0 1.57683025774
1.49 0.0 1.55501436323
1.5 0.0 1.53375606616
1.5099999999999998 0.0 1.51303517392
1.5199999999999998 0.0 1.49283242565
1.53 0.0 1.47312944046
1.54 0.0 1.45390866915
1.55 0.0 1.43515334887
1.56 0.0 1.41684746063
1.57 0.0 1.39897568968
1.58 0.0 1.38152338808
1.59 0.0 1.36447653973
1.6 0.0 1.34782172749
1.61 0.0 1.33154610233
1.62 0.0 1.31563735432
1.63 0.0 1.30008368519
1.6400000000000001 0.0 1.28487378278
1.65 0.0 1.26999679678
1.66 0.0 1.25544231593
1.67 0.0 1.24120034658
1.68 0.0 1.22726129238
1.69 0.0 1.21361593523
1.7 0.0 1.20025541715
1.7100000000000002 0.0 1.18717122335
1.72 0.0 1.17435516605
1.7299999999999998 0.0 1.1617993693
1.7400000000000002 0.0 1.14949625458
1.75 0.0 1.1374385272
1.7599999999999998 0.0 1.12561916341
1.77 0.0 1.11403139816
1.7799999999999998 0.0 1.1026687136
1.79 0.0 1.09152482807
1.7999999999999998 0.0 1.08059368573
1.8099999999999998 0.0 1.06986944673
1.8200000000000003 0.0 1.05934647784
1.8300000000000003 0.0 1.04901934352
1.84 0.0 1.03888279756
1.8500000000000003 0.0 1.02893177506
1.86 0.0 1.01916138476
1.8700000000000003 0.0 1.00956690188
1.8800000000000001 0.0 1.00014376115
1.8899999999999997 0.0 0.990887550326
1.9000000000000001 0.0 0.981794003899
1.91 0.0 0.972858997204
1.92 0.0 0.964078540731
1.9299999999999997 0.0 0.955448774726
1.9399999999999997 0.0 0.946965964091
1.9499999999999997 0.0 0.938626493431
1.96 0.0 0.93042686243
1.9700000000000002 0.0 0.922363681355
1.98 0.0 0.91443366679
1.9900000000000002 0.0 0.906633637643
2.0 0.0 0.898960511165
2.01 0.0 0.89141129928
2.02 0.0 0.883983105102
2.03 0.0 0.876673119393
2.04 0.0 0.869478617525
2.05 0.0 0.862396956181
2.06 0.0 0.855425570518
2.07 0.0 0.848561971282
2.08 0.0 0.84180374207
2.09 0.0 0.835148536794
2.1 0.0 0.828594077071
2.11 0.0 0.822138149964
2.12 0.0 0.81577860557
2.13 0.0 0.809513354918
2.14 0.0 0.803340367822
2.15 0.0 0.79725767082
2.16 0.0 0.791263345322
2.17 0.0 0.785355525663
2.18 0.0 0.779532397391
2.19 0.0 0.773792195463
2.2 0.0 0.768133202691
2.21 0.0 0.762553748086
2.22 0.0 0.757052205371
2.23 0.0 0.751626991499
2.24 0.0 0.746276565289
2.25 0.0 0.740999425996
2.26 0.0 0.735794112078
2.27 0.0 0.730659199921
2.28 0.0 0.725593302635
2.29 0.0 0.720595068883
2.3 0.0 0.715663181771
2.31 0.0 0.710796357787
2.32 0.0 0.705993345755
2.33 0.0 0.701252925825
2.34 0.0 0.696573908523
2.35 0.0 0.691955133825
2.36 0.0 0.687395470276
2.37 0.0 0.682893814089
2.38 0.0 0.678449088354
2.39 0.0 0.67406024224
2.4 0.0 0.669726250154
2.41 0.0 0.665446111104
2.42 0.0 0.661218847871
2.43 0.0 0.657043506393
2.44 0.0 0.65291915505
2.45 0.0 0.648844884027
2.46 0.0 0.644819804697
2.47 0.0 0.640843049004
2.48 0.0 0.636913768883
2.49 0.0 0.633031135697
2.5 0.0 0.629194339686
2.51 0.0 0.625402589447
2.52 0.0 0.621655111412
2.53 0.0 0.617951149361
2.54 0.0 0.614289963947
2.55 0.0 0.610670832224
2.56 0.0 0.607093047212
2.57 0.0 0.603555917465
2.58 0.0 0.600058766635
2.59 0.0 0.596600933076
2.6 0.0 0.593181769461
2.61 0.0 0.589800642394
2.62 0.0 0.586456932033
2.63 0.0 0.583150031738
2.64 0.0 0.579879347754
2.65 0.0 0.576644298806
2.66 0.0 0.573444315861
2.67 0.0 0.570278841749
2.68 0.0 0.567147330882
2.69 0.0 0.564049248961
2.7 0.0 0.560984072676
2.71 0.0 0.557951289448
2.72 0.0 0.554950397131
2.73 0.0 0.551980903781
2.74 0.0 0.549042327371
2.75 0.0 0.54613419557
2.76 0.0 0.54325604549
2.77 0.0 0.540407423463
2.78 0.0 0.537587884793
2.79 0.0 0.534796993572
2.8 0.0 0.532034322429
2.81 0.0 0.529299452367
2.82 0.0 0.526591972523
2.83 0.0 0.523911479975
2.84 0.0 0.521257579593
2.85 0.0 0.518629883801
2.86 0.0 0.516028012448
2.87 0.0 0.513451592586
2.88 0.0 0.510900258345
2.89 0.0 0.508373650739
2.9 0.0 0.505871417516
2.91 0.0 0.503393212996
2.9200000000000004 0.0 0.500938697943
2.93 0.0 0.498507539379
2.94 0.0 0.496099410474
2.95 0.0 0.493713990401
2.96 0.0 0.491350964175
2.97 0.0 0.489010022555
2.98 0.0 0.486690861908
2.99 0.0 0.484393184052
3.0 0.0 0.482116696184
