0.01 1 nan
0.02 1 nan
0.03 1 nan
0.04 1 nan
0.05 1 nan
0.06 1 nan
0.07 1 nan
0.08 1 nan
0.09 1 nan
0.1 1 nan
0.10999999999999999 1 0.0
0.12 1 nan
0.13 1 nan
0.14 1 nan
0.15 1 nan
0.16 1 nan
0.17 0.998 0.0490618522274
0.18 0.998 0.0462102496377
0.18999999999999997 0.997 0.0563972553461
0.2 0.996 0.0652770040811
0.21 0.994 0.0844964806615
0.21999999999999997 0.993 0.091165850008
0.23 0.991 0.0562836112836
0.24 0.989 0.0731621867541
0.25 0.987 0.137694621784
0.26 0.984 0.161223367505
0.27 0.981 0.183643855333
0.28 0.977 0.214998814337
0.29 0.974 0.187208489303
0.3 0.97 0.264629339817
0.31 0.965 0.303066731668
0.32 0.96 0.340717047136
0.33 0.955 0.377552073828
0.34 0.949 0.424153028009
0.35 0.943 0.47021378984
0.36 0.937 0.461733933233
0.37 0.93 0.571812699722
0.37999999999999995 0.923 0.627709460128
0.39 0.915 0.695381092075
0.4 0.906 0.77600606426
0.41000000000000003 0.897 0.792704485324
0.42 0.888 0.940178109093
0.43 0.878 1.03786333685
0.43999999999999995 0.867 1.15264009048
0.44999999999999996 0.856 1.19025609932
0.46 0.843 1.42578951055
0.47000000000000003 0.831 1.56884615203
0.48 0.817 1.75632275365
0.49 0.802 1.86548822676
0.5 0.787 2.0862090918
0.51 0.77 2.50220780532
0.52 0.752 2.85018198286
0.53 0.733 3.25991070786
0.54 0.712 3.78411973133
0.55 0.689 4.45806838563
0.56 0.664 5.33152433225
0.57 0.637 6.12714130547
0.58 0.606 8.17344890781
0.59 0.569 10.3709592424
0.6 0.525 16.2468778478
0.61 0.466 30.341175709
0.62 0.0 133.066515976
0.63 0.0 107.076043669
0.64 0.0 86.8106140049
0.65 0.0 71.2632581986
0.66 0.0 59.320887971
0.67 0.0 50.062782723
0.68 0.0 42.7953747904
0.69 0.0 37.0132553137
0.7 0.0 32.3511420983
0.71 0.0 28.5441604615
0.72 0.0 25.3985582727
0.7300000000000001 0.0 22.7710101168
0.74 0.0 20.5541960895
0.75 0.0 18.6667628219
0.7599999999999999 0.0 17.0462964102
0.77 0.0 15.6443599754
0.78 0.0 14.4229525049
0.79 0.0 13.3519537133
0.8 0.0 12.4072595501
0.81 0.0 11.5694065436
0.8200000000000001 0.0 10.8225458829
0.83 0.0 10.1536704096
0.84 0.0 9.55202642548
0.85 0.0 9.0086619383
0.86 0.0 8.51607661135
0.8700000000000001 0.0 8.06794824279
0.8799999999999999 0.0 7.65891733686
0.8899999999999999 0.0 7.28441615875
0.8999999999999999 0.0 6.94053211247
0.9100000000000001 0.0 6.62389782194
0.92 0.0 6.33160212419
0.93 0.0 6.06111756377
0.9400000000000001 0.0 5.81024098706
0.9500000000000001 0.0 5.57704460483
0.96 0.0 5.35983546927
0.9699999999999999 0.0 5.1571217526
0.98 0.0 4.96758455386
0.99 0.0 4.79005422238
1.0 0.0 4.62349038832
1.01 0.0 4.46696505227
1.02 0.0 4.31964820902
1.03 0.0 4.18079557953
1.04 0.0 4.04973810592
1.05 0.0 3.92587292373
1.06 0.0 3.80865557972
1.07 0.0 3.69759330142
1.08 0.0 3.59223915852
1.09 0.0 3.49218698445
1.1 0.0 3.39706694512
1.11 0.0 3.30654166336
1.12 0.0 3.22030282012
1.13 0.0 3.13806816584
1.14 0.0 3.05957888727
1.15 0.0 2.98459728106
1.16 0.0 2.91290469449
1.17 0.0 2.84429969805
1.18 0.0 2.77859646117
1.19 0.0 2.71562330511
1.2 0.0 2.65522141115
1.21 0.0 2.5972436652
1.22 0.0 2.54155362327
1.23 0.0 2.48802458224
1.24 0.0 2.43653874482
1.25 0.0 2.3869864676
1.26 0.0 2.33926558262
1.27 0.0 2.29328078447
1.28 0.0 2.24894307577
1.29 0.0 2.20616926495
1.3 0.0 2.16488150988
1.31 0.0 2.12500690401
1.32 0.0 2.08647709898
1.33 0.0 2.04922796139
1.34 0.0 2.01319925918
1.35 0.0 1.97833437559
1.36 0.0 1.94458004713
1.37 0.0 1.91188612402
1.38 0.0 1.88020535028
1.39 0.0 1.84949316223
1.4 0.0 1.81970750295
1.41 0.0 1.79080865204
1.42 0.0 1.76275906859
1.43 0.0 1.73552324656
1.44 0.0 1.7090675814
1.45 0.0 1.68336024679
1.4600000000000002 0.0 1.65837108078
1.47 0.0 1.63407148037
1.48 0.0 1.61043430389
1.49 0.0 1.58743378068
1.5 0.0 1.56504542708
1.5099999999999998 0.0 1.5432459685
1.5199999999999998 0.0 1.52201326709
1.53 0.0 1.50132625445
1.54 0.0 1.48116486881
1.55 0.0 1.46150999684
1.56 0.0 1.44234341917
1.57 0.0 1.42364775957
1.58 0.0 1.40540643769
1.59 0.0 1.38760362468
1.6 0.0 1.37022420192
1.61 0.0 1.3532537222
1.62 0.0 1.33667837355
1.63 0.0 1.32048494527
1.6400000000000001 0.0 1.30466079606
1.65 0.0 1.28919382425
1.66 0.0 1.27407243974
1.67 0.0 1.25928553769
1.68 0.0 1.2448224738
1.69 0.0 1.23067304107
1.7 0.0 1.21682744792
1.7100000000000002 0.0 1.20327629762
1.72 0.0 1.19001056889
1.7299999999999998 0.0 1.1770215976
1.7400000000000002 0.0 1.16430105957
1.75 0.0 1.15184095436
1.7599999999999998 0.0 1.13963358988
1.77 0.0 1.12767156783
1.7799999999999998 0.0 1.11594777019
1.79 0.0 1.1044553461
1.7999999999999998 0.0 1.09318769977
1.8099999999999998 0.0 1.0821384788
1.8200000000000003 0.0 1.07130156325
1.8300000000000003 0.0 1.06067105532
1.84 0.0 1.05024126939
1.8500000000000003 0.0 1.0400067228
1.86 0.0 1.02996212698
1.8700000000000003 0.0 1.02010237904
1.8800000000000001 0.0 1.01042255384
1.8899999999999997 0.0 1.00091789639
1.9000000000000001 0.0 0.991583814701
1.91 0.0 0.982415872944
1.92 0.0 0.973409784997
1.9299999999999997 0.0 0.964561408183
1.9399999999999997 0.0 0.955866737467
1.9499999999999997 0.0 0.947321899909
1.96 0.0 0.938923149216
1.9700000000000002 0.0 0.930666860779
1.98 0.0 0.922549526793
1.9900000000000002 0.0 0.914567751683
2.0 0.0 0.906718247679
2.01 0.0 0.89899783063
2.02 0.0 0.891403416043
2.03 0.0 0.883932015245
2.04 0.0 0.876580731709
2.05 0.0 0.86934675763
2.06 0.0 0.862227370569
2.07 0.0 0.855219930261
2.08 0.0 0.848321875631
2.09 0.0 0.841530721812
2.1 0.0 0.83484405744
2.11 0.0 0.828259541913
2.12 0.0 0.821774902932
2.13 0.0 0.815387933984
2.14 0.0 0.809096492061
2.15 0.0 0.802898495376
2.16 0.0 0.796791921274
2.17 0.0 0.790774804102
2.18 0.0 0.784845233313
2.19 0.0 0.779001351509
2.2 0.0 0.773241352681
2.21 0.0 0.767563480421
2.22 0.0 0.761966026282
2.23 0.0 0.756447328146
2.24 0.0 0.751005768709
2.25 0.0 0.745639773977
2.26 0.0 0.740347811869
2.27 0.0 0.735128390782
2.28 0.0 0.729980058399
2.29 0.0 0.724901400291
2.3 0.0 0.719891038773
2.31 0.0 0.714947631723
2.32 0.0 0.710069871446
2.33 0.0 0.705256483595
2.34 0.0 0.700506226117
2.35 0.0 0.695817888275
2.36 0.0 0.691190289642
2.37 0.0 0.686622279182
2.38 0.0 0.682112734366
2.39 0.0 0.677660560312
2.4 0.0 0.673264688872
2.41 0.0 0.668924077956
2.42 0.0 0.664637710637
2.43 0.0 0.660404594466
2.44 0.0 0.656223760717
2.45 0.0 0.652094263723
2.46 0.0 0.648015180183
2.47 0.0 0.643985608487
2.48 0.0 0.640004668146
2.49 0.0 0.636071499127
2.5 0.0 0.632185261297
2.51 0.0 0.628345133853
2.52 0.0 0.624550314781
2.53 0.0 0.620800020314
2.54 0.0 0.617093484431
2.55 0.0 0.613429958354
2.56 0.0 0.60980871008
2.57 0.0 0.606229023909
2.58 0.0 0.602690200005
2.59 0.0 0.599191553964
2.6 0.0 0.595732416394
2.61 0.0 0.592312132488
2.62 0.0 0.58893006168
2.63 0.0 0.585585577217
2.64 0.0 0.58227806581
2.65 0.0 0.579006927295
2.66 0.0 0.575771574258
2.67 0.0 0.572571431717
2.68 0.0 0.569405936794
2.69 0.0 0.566274538414
2.7 0.0 0.563176696979
2.71 0.0 0.560111884075
2.72 0.0 0.557079582216
2.73 0.0 0.554079284532
2.74 0.0 0.551110494513
2.75 0.0 0.54817272575
2.76 0.0 0.545265501684
2.77 0.0 0.542388355355
2.78 0.0 0.539540829157
2.79 0.0 0.536722474625
2.8 0.0 0.533932852195
2.81 0.0 0.531171531001
2.82 0.0 0.528438088635
2.83 0.0 0.525732110985
2.84 0.0 0.523053191978
2.85 0.0 0.520400933454
2.86 0.0 0.517774944908
2.87 0.0 0.515174843374
2.88 0.0 0.512600253194
2.89 0.0 0.510050805865
2.9 0.0 0.507526139873
2.91 0.0 0.505025900535
2.9200000000000004 0.0 0.502549739821
2.93 0.0 0.500097316231
2.94 0.0 0.497668294601
2.95 0.0 0.495262345998
2.96 0.0 0.492879147546
2.97 0.0 0.490518382318
2.98 0.0 0.488179739179
2.99 0.0 0.485862912665
3.0 0.0 0.483567602849
