14.285714285714285 0.5 0.01553455943
12.5 0.5 0.0168276030107
11.11111111111111 0.5 0.0183555263419
10.0 0.5 0.0201884550928
9.090909090909092 0.5 0.0224269618766
8.333333333333334 0.5 0.0252180813255
7.692307692307692 0.5 0.0287783079362
7.142857142857142 0.5 0.0334208556263
6.666666666666667 0.499 0.050234982353
6.25 0.499 0.0561553458145
5.88235294117647 0.499 0.0651811402149
5.555555555555555 0.498 0.0843930770535
5.2631578947368425 0.497 0.105437261891
5.0 0.496 0.128561650821
4.761904761904762 0.495 0.131632537946
4.545454545454546 0.494 0.181859767782
4.3478260869565215 0.492 0.218183639864
4.166666666666667 0.491 0.25085621536
4.0 0.489 0.29186025137
3.846153846153846 0.486 0.341392084711
3.7037037037037033 0.484 0.359591001521
3.571428571428571 0.481 0.441915773925
3.4482758620689657 0.477 0.50620252373
3.3333333333333335 0.474 0.566279568096
3.2258064516129035 0.47 0.600337911475
3.125 0.465 0.718032316255
3.0303030303030303 0.46 0.803478065077
2.941176470588235 0.455 0.89262572137
2.857142857142857 0.449 0.945675488085
2.7777777777777777 0.443 1.1034991639
2.7027027027027026 0.436 1.22805728817
2.6315789473684212 0.428 1.37230323956
2.564102564102564 0.42 1.52471755588
2.5 0.411 1.70163015948
2.4390243902439024 0.401 1.81725330727
2.380952380952381 0.391 2.12817851941
2.3255813953488373 0.379 2.40971584262
2.272727272727273 0.367 2.71575981823
2.2222222222222223 0.353 3.10932626269
2.1739130434782608 0.339 3.5446052649
2.127659574468085 0.322 4.154398333
2.0833333333333335 0.304 4.90697676683
2.0408163265306123 0.285 5.51224652382
2.0 0.262 7.28435632559
1.9607843137254901 0.237 9.31997977763
1.923076923076923 0.207 12.8391784803
1.8867924528301885 0.17 20.110543724
1.8518518518518516 0.122 41.2062443546
1.8181818181818181 0.007 99612.9782316
1.7857142857142856 0.0 81.1921784921
1.7543859649122808 0.0 40.9951803253
1.7241379310344829 0.0 27.613944082
1.6949152542372883 0.0 20.9263223509
1.6666666666666667 0.0 16.9143144314
1.639344262295082 0.0 14.2394837519
1.6129032258064517 0.0 12.3284386773
1.5873015873015872 0.0 10.8945606004
1.5625 0.0 9.77865057224
1.5384615384615383 0.0 8.88520697519
1.5151515151515151 0.0 8.15346709057
1.4925373134328357 0.0 7.54293025278
1.4705882352941175 0.0 7.02556361848
1.4492753623188408 0.0 6.5813487689
1.4285714285714286 0.0 6.1956098841
1.4084507042253522 0.0 5.8573439561
1.3888888888888888 0.0 5.55814038978
1.36986301369863 0.0 5.29146076134
1.3513513513513513 0.0 5.05214603242
1.3333333333333333 0.0 4.83607160369
1.3157894736842106 0.0 4.63990092495
1.2987012987012987 0.0 4.46090630107
1.282051282051282 0.0 4.29683644235
1.2658227848101264 0.0 4.14581712542
1.25 0.0 4.00627569388
1.2345679012345678 0.0 3.87688298067
1.2195121951219512 0.0 3.75650813591
1.2048192771084338 0.0 3.64418313424
1.1904761904761905 0.0 3.53907462562
1.1764705882352942 0.0 3.44046141663
1.1627906976744187 0.0 3.34771631114
1.1494252873563218 0.0 3.26029135707
1.1363636363636365 0.0 3.17770577709
1.1235955056179776 0.0 3.09953603076
1.1111111111111112 0.0 3.02540758225
1.0989010989010988 0.0 2.95498804188
1.0869565217391304 0.0 2.88798142194
1.075268817204301 0.0 2.82412330148
1.0638297872340425 0.0 2.76317673701
1.0526315789473684 0.0 2.70492878864
1.0416666666666667 0.0 2.64918755663
1.0309278350515465 0.0 2.59577964321
1.0204081632653061 0.0 2.54454797052
1.0101010101010102 0.0 2.49534989789
1.0 0.0 2.44805559203
0.9900990099009901 0.0 2.40254661136
0.9803921568627451 0.0 2.35871467283
0.970873786407767 0.0 2.31646057428
0.9615384615384615 0.0 2.27569325032
0.9523809523809523 0.0 2.23632894274
0.9433962264150942 0.0 2.19829046993
0.9345794392523364 0.0 2.1615065817
0.9259259259259258 0.0 2.12591138826
0.9174311926605504 0.0 2.09144385372
0.9090909090909091 0.0 2.05804734577
0.9009009009009008 0.0 2.02566923453
0.8928571428571428 0.0 1.9942605344
0.8849557522123894 0.0 1.96377558373
0.8771929824561404 0.0 1.93417175783
0.8695652173913044 0.0 1.90540921121
0.8620689655172414 0.0 1.87745064579
0.8547008547008548 0.0 1.85026110214
0.8474576271186441 0.0 1.82380777098
0.8403361344537815 0.0 1.79805982288
0.8333333333333334 0.0 1.77298825403
0.8264462809917356 0.0 1.74856574642
0.819672131147541 0.0 1.72476654082
0.8130081300813008 0.0 1.70156632134
0.8064516129032259 0.0 1.67894211024
0.8 0.0 1.65687217199
0.7936507936507936 0.0 1.63533592566
0.7874015748031495 0.0 1.61431386482
0.78125 0.0 1.59378748418
0.7751937984496123 0.0 1.57373921228
0.7692307692307692 0.0 1.55415234978
0.7633587786259541 0.0 1.53501101267
0.7575757575757576 0.0 1.51630008004
0.7518796992481203 0.0 1.49800514593
0.7462686567164178 0.0 1.48011247493
0.7407407407407407 0.0 1.46260896117
0.7352941176470588 0.0 1.44548209042
0.7299270072992701 0.0 1.42871990495
0.7246376811594204 0.0 1.41231097106
0.7194244604316548 0.0 1.39624434886
0.7142857142857143 0.0 1.3805095643
0.7092198581560284 0.0 1.36509658312
0.7042253521126761 0.0 1.34999578658
0.6993006993006994 0.0 1.33519794896
0.6944444444444444 0.0 1.32069421645
0.6896551724137931 0.0 1.30647608758
0.684931506849315 0.0 1.29253539483
0.6802721088435374 0.0 1.27886428748
0.6756756756756757 0.0 1.26545521561
0.6711409395973155 0.0 1.25230091502
0.6666666666666666 0.0 1.23939439314
0.6622516556291391 0.0 1.22672891586
0.6578947368421053 0.0 1.21429799505
0.6535947712418301 0.0 1.20209537693
0.6493506493506493 0.0 1.19011503107
0.6451612903225806 0.0 1.17835114008
0.641025641025641 0.0 1.16679808988
0.6369426751592356 0.0 1.15545046049
0.6329113924050632 0.0 1.14430301741
0.6289308176100629 0.0 1.13335070341
0.625 0.0 1.12258863085
0.6211180124223602 0.0 1.11201207433
0.6172839506172839 0.0 1.10161646381
0.6134969325153374 0.0 1.09139737806
0.6097560975609756 0.0 1.08135053847
0.6060606060606061 0.0 1.07147180315
0.6024096385542169 0.0 1.06175716139
0.5988023952095809 0.0 1.05220272832
0.5952380952380952 0.0 1.04280473996
0.591715976331361 0.0 1.03355954836
0.5882352941176471 0.0 1.02446361712
0.5847953216374269 0.0 1.01551351704
0.5813953488372093 0.0 1.00670592201
0.5780346820809249 0.0 0.998037605121
0.5747126436781609 0.0 0.989505434883
0.5714285714285714 0.0 0.981106371706
0.5681818181818182 0.0 0.972837464487
0.5649717514124294 0.0 0.964695847376
0.5617977528089888 0.0 0.956678736679
0.5586592178770949 0.0 0.948783427905
0.5555555555555556 0.0 0.941007292938
0.5524861878453039 0.0 0.93334777734
0.5494505494505494 0.0 0.925802397766
0.5464480874316939 0.0 0.918368739491
0.5434782608695652 0.0 0.911044454046
0.5405405405405405 0.0 0.903827256946
0.5376344086021505 0.0 0.896714925523
0.53475935828877 0.0 0.889705296842
0.5319148936170213 0.0 0.882796265703
0.5291005291005292 0.0 0.87598578273
0.5263157894736842 0.0 0.86927185253
0.5235602094240838 0.0 0.86265253193
0.5208333333333334 0.0 0.856125928285
0.5181347150259068 0.0 0.849690197848
0.5154639175257733 0.0 0.843343544207
0.5128205128205129 0.0 0.837084216784
0.5102040816326531 0.0 0.830910509389
0.5076142131979695 0.0 0.824820758829
0.5050505050505051 0.0 0.818813343571
0.5025125628140703 0.0 0.812886682457
0.5 0.0 0.807039233461
0.49751243781094534 0.0 0.8012694925
0.49504950495049505 0.0 0.79557599228
0.4926108374384237 0.0 0.789957301195
0.49019607843137253 0.0 0.784412022252
0.48780487804878053 0.0 0.778938792047
0.4854368932038835 0.0 0.773536279773
0.48309178743961356 0.0 0.76820318626
0.4807692307692307 0.0 0.762938243054
0.47846889952153115 0.0 0.757740211524
0.47619047619047616 0.0 0.752607882005
0.47393364928909953 0.0 0.747540072964
0.4716981132075471 0.0 0.7425356302
0.4694835680751174 0.0 0.737593426071
0.4672897196261682 0.0 0.732712358741
0.46511627906976744 0.0 0.727891351462
0.4629629629629629 0.0 0.723129351873
0.4608294930875576 0.0 0.718425331321
0.4587155963302752 0.0 0.713778284215
0.4566210045662101 0.0 0.709187227385
0.45454545454545453 0.0 0.704651199479
0.45248868778280543 0.0 0.700169260365
0.4504504504504504 0.0 0.695740490564
0.4484304932735426 0.0 0.69136399069
0.4464285714285714 0.0 0.687038880919
0.4444444444444444 0.0 0.682764300467
0.4424778761061947 0.0 0.678539407088
0.44052863436123346 0.0 0.674363376584
0.4385964912280702 0.0 0.670235402338
0.4366812227074236 0.0 0.666154694852
0.4347826086956522 0.0 0.662120481305
0.4329004329004329 0.0 0.658132005125
0.4310344827586207 0.0 0.654188525572
0.4291845493562232 0.0 0.65028931733
0.4273504273504274 0.0 0.646433670121
0.425531914893617 0.0 0.642620888322
0.42372881355932207 0.0 0.638850290597
0.42194092827004215 0.0 0.63512120954
0.42016806722689076 0.0 0.631432991327
0.41841004184100417 0.0 0.627784995378
0.4166666666666667 0.0 0.624176594034
0.41493775933609955 0.0 0.620607172236
0.4132231404958678 0.0 0.617076127217
0.4115226337448559 0.0 0.613582868206
0.4098360655737705 0.0 0.610126816133
0.4081632653061224 0.0 0.60670740335
0.4065040650406504 0.0 0.603324073355
0.4048582995951417 0.0 0.599976280524
0.40322580645161293 0.0 0.596663489857
0.4016064257028112 0.0 0.59338517672
0.4 0.0 0.590140826605
0.39840637450199207 0.0 0.586929934891
0.3968253968253968 0.0 0.583752006609
0.3952569169960475 0.0 0.580606556223
0.39370078740157477 0.0 0.577493107408
0.3921568627450981 0.0 0.574411192836
0.390625 0.0 0.571360353972
0.38910505836575876 0.0 0.568340140872
0.38759689922480617 0.0 0.565350111983
0.3861003861003861 0.0 0.562389833958
0.3846153846153846 0.0 0.559458881469
0.3831417624521073 0.0 0.556556837024
0.38167938931297707 0.0 0.553683290792
0.3802281368821293 0.0 0.550837840432
0.3787878787878788 0.0 0.54802009093
0.37735849056603776 0.0 0.545229654429
0.37593984962406013 0.0 0.542466150079
0.37453183520599254 0.0 0.539729203876
0.3731343283582089 0.0 0.537018448518
0.3717472118959108 0.0 0.534333523253
0.37037037037037035 0.0 0.531674073744
0.36900369003690037 0.0 0.529039751923
0.3676470588235294 0.0 0.526430215858
0.3663003663003663 0.0 0.523845129625
0.36496350364963503 0.0 0.521284163175
0.36363636363636365 0.0 0.518746992211
0.3623188405797102 0.0 0.516233298063
0.36101083032490977 0.0 0.513742767575
0.3597122302158274 0.0 0.511275092982
0.35842293906810035 0.0 0.508829971801
0.35714285714285715 0.0 0.506407106721
0.35587188612099646 0.0 0.504006205491
0.3546099290780142 0.0 0.501626980821
0.35335689045936397 0.0 0.499269150275
0.35211267605633806 0.0 0.496932436172
0.3508771929824561 0.0 0.494616565489
0.3496503496503497 0.0 0.492321269766
0.3484320557491289 0.0 0.490046285013
0.3472222222222222 0.0 0.487791351617
0.3460207612456747 0.0 0.485556214258
0.3448275862068966 0.0 0.48334062182
0.3436426116838488 0.0 0.481144327303
0.3424657534246575 0.0 0.478967087749
0.341296928327645 0.0 0.476808664154
0.3401360544217687 0.0 0.474668821393
0.3389830508474576 0.0 0.472547328142
0.33783783783783783 0.0 0.470443956804
0.33670033670033667 0.0 0.468358483435
0.33557046979865773 0.0 0.466290687673
0.33444816053511706 0.0 0.464240352669
0.3333333333333333 0.0 0.462207265017
